<<PMCA SPECTRUM>>
TAG - live_data
DESCRIPTION - 
GAIN - 3
THRESHOLD - 0
LIVE_MODE - 0
PRESET_TIME - 1200
LIVE_TIME - 1200.000000
REAL_TIME - 1200.000000
START_TIME - 07/23/2007 08:22:35
SERIAL_NUMBER - 1989
<<DATA>>
0
0
0
0
0
0
0
0
0
0
0
0
0
0
0
0
0
0
0
0
0
0
0
0
0
0
0
0
0
0
0
0
0
0
0
0
0
0
0
0
0
0
0
0
0
0
0
0
0
0
0
0
0
0
0
0
0
0
0
0
786
1145
1200
1202
1325
1309
1345
1413
1480
1548
1598
1729
1777
1826
1826
1807
1910
1912
1952
1935
1861
1938
1860
1976
1937
1974
1993
1906
1954
1996
1947
1932
1952
1989
1881
1964
1886
1867
1890
1891
1760
1892
1857
1893
1840
1918
1910
1894
1887
1908
1860
1942
1908
1877
1844
1895
1959
1869
1857
1962
1819
1901
1889
1775
1807
1811
1845
1839
1787
1844
1688
1766
1766
1724
1681
1694
1687
1638
1640
1699
1694
1608
1678
1612
1616
1611
1598
1552
1607
1518
1545
1565
1495
1496
1553
1473
1464
1509
1449
1406
1486
1420
1435
1437
1426
1454
1405
1454
1399
1431
1400
1443
1437
1457
1447
1407
1390
1418
1396
1360
1396
1418
1417
1341
1352
1438
1326
1339
1315
1276
1316
1215
1281
1250
1253
1299
1172
1233
1263
1147
1150
1134
1137
1090
1110
1131
1125
1113
1107
1059
1099
1173
1099
1110
1121
1080
1145
1086
1137
1090
1116
1071
1080
1048
1110
1054
1048
1015
1027
1021
1018
958
1010
976
988
965
915
895
831
885
907
824
773
845
768
736
819
812
726
754
755
745
761
744
751
743
750
760
709
769
700
670
715
781
714
710
730
761
742
734
723
670
675
665
697
657
667
679
631
693
623
650
674
712
636
642
640
629
559
612
620
562
581
589
569
545
509
565
596
558
521
531
567
524
587
542
554
537
590
548
536
592
588
557
571
615
568
582
547
573
560
559
559
525
555
544
588
519
547
562
509
526
521
547
495
489
470
508
485
450
464
456
466
448
463
451
437
455
377
368
388
381
390
355
391
414
382
415
386
371
388
394
381
350
359
381
350
392
351
342
374
371
333
332
351
393
357
338
401
382
339
356
338
362
347
311
370
336
342
337
366
318
324
343
317
314
346
315
316
346
320
323
328
295
319
326
344
293
288
271
330
305
279
283
290
274
274
293
314
300
275
276
284
267
305
280
300
251
238
260
273
258
268
246
234
247
256
255
226
234
262
263
249
243
240
249
241
219
231
242
230
222
228
254
200
225
249
234
204
222
217
220
238
232
233
206
191
227
194
219
229
236
225
208
223
206
223
222
207
206
214
206
212
179
215
186
207
202
209
163
194
203
215
173
193
189
219
178
179
195
189
204
193
185
184
184
192
166
167
210
206
200
209
172
189
199
198
185
230
209
198
185
196
180
209
193
242
235
219
223
211
209
226
227
208
241
213
239
218
223
229
229
209
257
206
207
238
213
236
242
227
216
224
229
258
247
261
211
244
252
251
260
283
272
283
298
312
270
302
345
325
318
383
390
404
392
443
425
445
459
498
467
503
541
576
578
631
651
676
697
711
748
746
762
747
847
801
847
846
920
873
866
857
843
844
890
855
840
867
878
781
764
742
768
703
701
721
643
621
579
559
564
527
471
463
454
404
336
358
340
320
308
276
283
249
220
227
212
194
197
174
172
135
149
133
130
113
97
112
110
116
111
108
108
93
99
105
96
98
99
105
96
88
91
84
96
87
82
100
105
68
86
84
92
87
79
99
90
82
85
69
92
92
75
74
85
70
82
66
73
79
74
74
66
89
75
66
76
78
105
63
67
89
69
71
69
81
85
83
83
75
72
60
68
65
80
71
67
87
61
89
69
74
80
64
60
76
58
73
67
63
76
76
64
67
69
60
71
74
60
68
56
67
61
61
79
63
58
57
56
44
71
59
62
57
64
58
68
66
73
78
59
55
50
64
55
72
61
55
70
56
57
40
73
64
52
64
54
62
56
50
68
62
65
66
63
58
70
66
62
47
77
61
65
65
61
62
53
72
72
59
72
72
78
52
55
50
72
72
74
65
64
61
69
78
70
69
64
61
94
62
68
70
71
70
67
57
61
77
86
86
65
53
47
67
76
63
62
72
63
49
66
70
63
68
75
73
77
75
72
55
59
60
58
60
47
64
65
68
74
63
55
59
62
66
62
58
58
64
64
72
60
56
57
65
72
48
63
68
51
47
52
63
61
49
52
45
60
48
57
50
36
51
49
47
44
42
45
49
41
54
56
48
45
37
51
34
40
39
46
40
44
40
42
37
34
39
32
50
44
34
42
54
41
38
35
34
27
24
26
33
51
35
39
42
33
38
27
29
26
39
42
47
38
37
39
38
40
42
43
40
27
31
37
36
42
37
30
29
31
35
41
35
45
31
41
49
39
34
34
36
50
35
34
32
32
46
29
33
42
41
35
46
48
39
38
48
37
51
55
51
38
44
41
54
39
38
45
35
46
41
30
45
42
48
43
45
51
50
58
39
53
36
45
39
42
48
40
40
55
44
43
47
40
40
40
35
34
37
39
36
35
48
36
28
34
33
42
32
34
24
38
37
37
31
33
37
38
40
31
29
44
32
44
39
38
34
33
19
33
29
27
32
24
22
31
34
40
30
21
34
38
28
27
29
41
35
30
38
20
33
29
18
35
28
34
27
30
34
26
37
20
23
36
32
31
33
34
29
33
34
37
37
19
22
22
22
24
26
34
27
25
32
24
27
30
31
29
33
24
27
27
28
22
28
15
21
33
23
24
22
27
22
17
23
19
25
25
24
21
22
21
17
27
27
25
25
29
17
23
27
19
25
23
20
22
21
13
23
16
22
25
28
23
25
25
18
24
23
20
20
20
22
28
18
18
33
21
21
26
13
24
21
21
25
23
26
18
23
16
17
18
22
24
15
22
13
26
29
29
21
10
25
19
25
24
24
20
20
28
22
18
16
31
18
31
25
21
20
22
18
26
29
22
23
27
30
30
13
12
15
13
21
28
31
25
34
29
16
27
23
23
18
29
22
30
27
23
31
29
27
26
25
22
29
35
28
38
31
32
39
34
41
36
31
30
48
34
44
62
46
48
57
37
53
39
51
55
45
52
43
57
47
63
61
65
54
61
63
68
73
55
70
64
45
48
62
63
66
67
61
67
57
60
60
64
65
53
59
52
49
83
55
59
60
58
58
52
59
63
45
45
49
54
55
51
49
55
50
36
34
42
46
41
30
28
42
41
28
20
32
54
30
30
29
29
22
34
26
33
25
27
24
19
25
28
15
19
15
20
12
28
16
13
12
16
31
10
14
19
13
14
17
14
19
13
9
24
26
15
12
21
17
19
20
19
10
18
15
12
16
20
21
17
17
14
14
11
15
11
14
16
13
11
15
14
10
14
12
14
11
16
14
9
19
14
14
11
12
22
16
15
12
16
13
15
10
18
9
11
13
15
14
13
12
14
16
12
10
14
11
16
11
9
6
9
11
13
15
11
9
15
7
10
15
11
12
7
6
14
11
8
15
10
10
10
12
12
13
8
11
9
9
15
9
10
11
3
7
17
8
6
6
15
9
10
12
9
11
10
7
9
12
7
9
17
10
9
7
10
9
7
13
5
5
14
9
5
7
11
14
8
9
15
9
10
10
8
6
7
17
9
19
14
11
13
11
15
15
11
5
8
9
11
15
10
13
8
14
11
24
11
14
13
10
15
13
22
20
17
15
12
14
11
13
15
12
13
17
15
18
15
20
16
17
17
16
14
15
13
20
16
14
17
11
12
18
19
12
13
13
19
16
12
18
8
14
19
20
23
15
10
8
20
14
13
8
18
15
9
12
8
10
15
12
13
9
14
7
11
13
12
10
9
17
10
9
13
13
10
6
7
6
9
7
8
5
4
7
8
2
9
12
10
9
9
4
1
5
11
6
6
5
14
6
4
11
8
14
7
7
11
7
5
6
5
6
5
3
7
4
8
7
15
10
9
7
5
2
4
1
3
4
5
5
5
8
7
6
8
6
6
5
5
3
2
0
3
7
5
6
3
7
6
3
9
5
5
7
5
9
5
5
10
4
5
7
3
10
3
5
9
7
7
8
5
6
6
2
6
7
9
2
1
3
2
5
6
6
5
8
6
6
9
4
3
4
4
5
4
3
2
2
3
6
2
3
4
4
6
4
6
8
5
11
5
5
6
7
2
3
4
6
8
2
6
4
7
5
5
4
8
4
4
4
1
7
6
3
7
3
3
6
6
7
13
1
8
10
10
4
5
6
11
5
2
6
1
3
9
3
6
7
5
3
2
3
3
2
4
8
2
3
3
2
3
5
7
9
7
7
8
8
8
2
8
7
7
3
11
5
7
4
8
11
6
2
7
6
2
6
12
9
5
6
3
11
8
5
6
6
11
7
11
3
14
7
7
8
12
6
8
4
8
10
14
11
5
6
3
15
4
9
7
13
7
11
10
10
10
11
9
9
11
8
5
9
10
6
14
6
5
8
9
7
8
12
10
10
7
7
6
7
6
10
8
6
5
5
10
12
5
6
2
8
12
9
13
6
4
8
8
8
7
5
7
7
6
7
8
9
7
6
6
7
6
11
5
7
7
9
8
5
7
6
5
5
9
9
10
11
7
9
9
12
3
9
5
6
3
6
7
16
4
4
6
3
7
7
6
7
6
8
7
6
7
8
9
7
8
4
9
8
5
6
7
6
6
5
9
3
11
2
3
8
2
7
2
8
2
8
4
10
6
4
5
10
5
7
9
2
5
5
6
5
10
4
6
6
5
5
6
3
9
5
5
7
5
11
10
10
8
8
12
7
11
14
13
6
12
6
12
17
14
9
20
14
14
<<END>>
<<DPP CONFIGURATION>>
COM Port: USB
Rise: 38.4uS
Top: 1.6uS
Fast Threshold: 26
PUR Enable: PUROn
RTD ON/OFF: RTDOff
RTD Threshold: 6.05% FS
RTD Fast HWHM: 16
AutoBaseline: Off
BLR: BLR:ON DN:64 UP:1 
Acquisition Mode: MCA
MCS Timebase: 10mS/channel
MCA Channels: 2048
Slow Threshold: 2.93% FS
Buffer Select: Buffer A
Gate Input (TTL): GateOff
Preset: 1200.0 sec
Coarse Gain: 21x
Fine Gain: 0.9998
Det Rst Lockout: 3.28mS
Analog Out: Off
Offset: 0mV
Aux: ICR
<<DPP CONFIGURATION END>>
<<DPP STATUS>>
Device Type: DP4
Serial Number: 1989
Firmware: 4.07
FPGA: 4.10
Fast Count: 281197
Slow Count: 477129
Accumulation Time: 1200
Dead Time:       
Board Temp: 25°C
<<DPP STATUS END>>
