<<PMCA SPECTRUM>>
TAG - live_data
DESCRIPTION - 
GAIN - 3
THRESHOLD - 0
LIVE_MODE - 0
PRESET_TIME - 1200
LIVE_TIME - 1200.000000
REAL_TIME - 1200.000000
START_TIME - 07/23/2007 08:01:03
SERIAL_NUMBER - 1989
<<DATA>>
0
0
0
0
0
0
0
0
0
0
0
0
0
0
0
0
0
0
0
0
0
0
0
0
0
0
0
0
0
0
0
0
0
0
0
0
0
0
0
0
0
0
0
0
0
0
0
0
0
0
0
0
0
0
0
0
0
0
0
0
801
1151
1079
1214
1299
1315
1367
1375
1534
1548
1625
1688
1659
1766
1847
1827
1869
1966
1939
1977
1937
1908
1890
1923
1863
1992
1974
1990
1965
1907
1942
1896
1948
1879
1897
1913
1891
1933
1885
1878
1789
1918
1879
1867
1910
1897
1952
1924
1965
1954
1941
1936
1941
1872
1904
1823
1835
1839
1819
1837
1785
1874
1795
1805
1857
1763
1820
1821
1737
1752
1722
1744
1737
1720
1617
1742
1691
1661
1605
1578
1655
1585
1646
1578
1557
1618
1529
1618
1613
1641
1599
1544
1548
1544
1548
1486
1462
1447
1483
1464
1417
1472
1442
1450
1444
1400
1421
1464
1397
1417
1466
1451
1406
1512
1442
1360
1411
1425
1375
1412
1380
1443
1412
1398
1359
1342
1393
1352
1335
1303
1359
1252
1281
1312
1243
1246
1268
1257
1202
1143
1208
1181
1166
1171
1115
1134
1124
1076
1103
1144
1106
1124
1065
1085
1135
1163
1118
1105
1079
1102
1054
1159
1105
1103
1030
1111
1069
992
1029
956
1025
968
1009
917
893
895
866
861
878
856
883
886
825
800
772
778
759
766
768
772
734
763
779
789
703
762
750
710
705
725
693
686
711
670
722
691
716
717
703
765
714
673
663
743
670
667
689
653
697
651
642
690
625
636
626
641
668
566
584
604
602
595
600
614
530
577
559
519
587
507
566
560
561
542
582
561
545
579
551
581
543
563
533
541
568
588
553
547
562
529
541
564
598
547
556
577
574
549
504
511
538
536
531
496
537
512
467
437
497
528
445
445
475
460
409
412
455
379
396
400
451
399
369
389
397
406
361
386
362
382
392
360
387
360
364
377
361
361
402
347
355
387
351
369
344
309
325
336
340
336
332
317
307
329
328
350
318
321
350
334
322
320
337
338
344
336
333
291
293
322
304
329
324
342
304
329
273
333
336
325
309
318
292
298
287
296
306
284
290
296
291
285
256
273
289
284
282
243
258
265
238
263
262
249
231
234
248
233
239
255
233
218
200
200
232
246
224
224
247
239
241
244
239
217
216
208
235
204
235
225
219
232
216
226
228
201
212
201
215
213
217
213
248
184
225
199
215
204
222
216
197
201
193
176
206
208
185
179
179
193
168
214
189
182
198
195
196
194
203
197
159
171
169
158
183
178
165
194
169
182
204
196
173
170
168
207
190
223
196
208
200
195
192
227
206
207
201
199
219
228
226
207
199
230
213
211
200
214
236
225
225
207
221
232
242
211
226
197
226
219
241
237
242
232
233
237
250
246
258
239
267
264
275
280
278
283
312
309
340
280
351
333
314
393
423
413
411
401
469
486
521
494
531
598
623
592
627
693
696
652
736
747
755
777
759
841
852
818
805
874
907
948
901
922
952
874
923
882
852
809
820
772
823
759
729
722
692
655
650
593
581
562
515
478
486
438
405
395
412
336
337
331
294
262
240
238
236
230
201
178
149
165
133
160
130
142
125
122
136
98
113
102
103
94
94
104
81
102
94
93
93
85
83
78
96
86
79
71
81
84
82
90
98
88
83
77
83
69
74
86
85
75
89
90
76
71
76
63
80
75
73
82
89
71
69
85
72
96
77
68
88
82
62
88
84
71
85
86
77
87
81
78
74
67
69
61
73
76
65
73
72
72
94
71
64
71
62
79
61
71
88
66
76
60
61
62
60
74
70
63
69
59
68
54
68
84
59
67
51
65
64
76
50
79
68
54
57
62
62
64
65
63
56
61
61
55
57
35
62
58
68
52
52
55
60
63
64
53
55
56
69
67
59
58
57
53
77
42
55
68
66
53
54
62
64
62
54
56
51
52
70
73
68
79
72
69
65
64
73
58
83
77
60
85
65
74
78
71
75
67
85
66
82
69
61
69
83
84
75
77
57
63
75
93
69
77
69
57
70
62
76
67
71
60
55
60
53
65
68
77
77
75
55
78
66
75
59
68
74
70
68
59
62
68
65
80
77
47
62
58
59
70
65
69
71
65
59
52
55
59
43
50
46
46
53
49
56
60
58
51
48
52
41
47
47
59
49
45
49
49
50
50
59
41
50
45
40
47
36
41
63
41
44
48
40
40
48
39
48
42
38
34
24
51
36
42
37
41
39
38
34
46
30
38
43
32
39
35
48
28
45
30
30
36
40
28
29
36
29
34
44
36
31
31
43
27
40
39
48
38
45
40
45
37
37
35
55
27
39
36
34
34
39
38
46
33
41
27
41
36
39
32
46
45
36
50
55
44
49
38
51
49
60
53
49
48
50
46
45
53
43
45
47
51
44
49
55
60
45
47
39
54
38
49
47
44
50
47
53
45
36
42
41
38
41
42
35
28
57
51
36
44
34
34
52
39
40
37
42
39
38
37
34
41
32
25
33
35
21
33
41
31
27
38
31
49
29
46
36
34
34
33
28
38
30
27
32
37
34
36
32
33
33
30
37
34
31
36
27
33
31
36
27
30
35
42
30
31
47
46
32
29
31
27
33
36
43
35
27
32
28
31
34
29
28
22
29
25
30
25
32
35
27
29
24
30
32
35
27
29
36
24
33
25
31
33
24
30
23
28
21
32
21
23
33
35
22
24
22
26
27
26
30
29
19
26
25
23
30
18
27
29
16
24
20
24
28
16
23
23
19
20
21
33
23
25
21
20
16
20
26
24
29
15
22
14
20
20
20
24
14
14
22
32
15
15
16
20
26
25
25
23
22
19
9
21
20
19
19
21
22
23
25
33
25
26
31
20
20
17
19
18
26
24
17
26
21
18
20
27
31
25
21
28
24
33
23
22
24
13
22
27
27
27
33
22
21
31
29
29
22
28
22
25
28
33
36
26
32
26
32
26
36
25
31
39
31
34
43
35
24
44
38
49
31
39
38
47
46
47
46
48
41
51
51
54
47
55
41
41
53
58
61
53
75
66
69
66
60
57
63
75
71
54
61
46
60
51
64
69
65
65
68
68
73
72
55
56
68
70
53
63
66
59
56
69
54
56
58
47
53
64
52
54
43
49
46
52
42
41
41
46
40
48
37
44
32
44
33
32
39
30
29
26
18
28
28
27
28
35
25
22
27
16
15
21
18
19
14
25
21
13
16
22
22
21
13
14
13
13
11
23
11
20
18
17
22
13
18
18
19
14
16
9
21
5
13
19
10
20
12
14
14
13
11
21
8
15
13
21
12
17
18
10
11
21
12
8
15
12
15
16
10
10
13
17
12
13
21
15
22
6
19
14
7
7
12
6
7
15
13
18
11
16
12
11
11
8
17
8
15
12
14
15
14
15
16
13
10
7
14
10
14
12
10
7
14
11
8
9
9
14
11
10
11
8
10
2
6
4
11
8
9
3
8
17
8
5
4
5
8
15
10
7
12
6
9
10
8
8
14
10
8
13
4
8
19
15
5
13
11
5
12
10
14
13
7
11
10
11
12
9
14
10
9
16
11
12
9
17
6
9
11
21
12
13
16
9
11
17
16
10
21
11
17
12
11
10
18
14
15
17
14
18
18
23
15
17
14
25
19
12
18
15
14
21
15
26
17
14
19
19
13
24
18
8
17
10
19
24
20
10
18
17
19
23
15
10
12
11
13
13
14
12
16
13
19
9
5
17
13
12
10
8
9
12
11
17
22
15
11
20
10
7
8
10
7
6
7
12
9
12
8
12
12
9
12
9
17
9
3
10
12
10
8
12
14
17
1
14
11
10
10
11
8
7
12
7
10
10
5
5
7
7
7
9
12
10
10
7
5
2
6
17
7
10
7
6
14
5
9
12
9
7
6
8
4
5
4
9
5
6
4
6
7
9
6
4
5
11
9
9
6
8
9
6
8
6
8
4
3
4
4
5
6
7
8
4
2
10
2
3
5
5
7
6
6
4
5
5
6
4
6
3
5
4
4
4
4
2
9
9
4
7
3
11
4
7
2
3
2
9
5
2
3
5
6
11
7
9
9
7
6
6
6
7
7
2
9
5
6
2
6
3
9
8
3
3
6
5
7
8
1
2
6
3
4
7
4
8
4
3
5
5
4
8
4
6
3
6
4
5
2
4
8
6
3
4
5
4
5
4
4
2
5
5
2
7
3
3
3
2
9
6
7
6
3
2
7
5
6
7
5
3
9
6
8
7
4
8
3
7
5
3
5
8
2
7
3
9
6
6
6
9
4
8
6
7
4
5
7
5
5
5
3
9
9
7
5
10
8
12
5
3
8
9
6
8
4
12
11
10
13
8
11
6
10
7
10
6
9
12
11
10
5
7
7
9
12
9
5
14
10
8
9
5
11
9
9
4
9
10
6
7
8
10
3
8
4
9
8
10
4
5
10
11
6
10
9
7
4
9
10
6
5
12
9
8
13
10
6
4
9
7
8
6
9
10
8
3
4
4
5
7
7
5
8
5
9
9
7
7
7
10
7
11
5
6
4
8
12
5
6
7
7
6
6
9
9
6
6
6
3
5
9
5
2
7
8
10
9
5
8
5
6
6
5
7
2
4
4
8
8
5
9
6
10
4
14
6
8
5
7
5
4
9
7
14
2
7
7
3
5
9
4
5
3
6
11
5
5
6
5
6
2
4
6
4
4
2
10
7
7
8
6
8
13
10
6
12
6
13
11
7
7
11
14
15
15
9
8
13
6
16
11
18
10
18
<<END>>
<<DPP CONFIGURATION>>
COM Port: USB
Rise: 38.4uS
Top: 1.6uS
Fast Threshold: 26
PUR Enable: PUROn
RTD ON/OFF: RTDOff
RTD Threshold: 6.05% FS
RTD Fast HWHM: 16
AutoBaseline: Off
BLR: BLR:ON DN:64 UP:1 
Acquisition Mode: MCA
MCS Timebase: 10mS/channel
MCA Channels: 2048
Slow Threshold: 2.93% FS
Buffer Select: Buffer A
Gate Input (TTL): GateOff
Preset: 1200.0 sec
Coarse Gain: 21x
Fine Gain: 0.9998
Det Rst Lockout: 3.28mS
Analog Out: Off
Offset: 0mV
Aux: ICR
<<DPP CONFIGURATION END>>
<<DPP STATUS>>
Device Type: DP4
Serial Number: 1989
Firmware: 4.07
FPGA: 4.10
Fast Count: 282036
Slow Count: 477396
Accumulation Time: 1200
Dead Time:       
Board Temp: 25°C
<<DPP STATUS END>>
