<<PMCA SPECTRUM>>
TAG - live_data
DESCRIPTION - 
GAIN - 3
THRESHOLD - 0
LIVE_MODE - 0
PRESET_TIME - 1200
LIVE_TIME - 1141.173000
REAL_TIME - 1141.173000
START_TIME - 07/23/2007 07:40:27
SERIAL_NUMBER - 1989
<<DATA>>
0
0
0
0
0
0
0
0
0
0
0
0
0
0
0
0
0
0
0
0
0
0
0
0
0
0
0
0
0
0
0
0
0
0
0
0
0
0
0
0
0
0
0
0
0
0
0
0
0
0
0
0
0
0
0
0
0
0
0
0
775
1105
1155
1156
1204
1261
1311
1393
1378
1519
1529
1549
1672
1644
1785
1734
1793
1846
1839
1850
1850
1800
1781
1814
1819
1824
1831
1867
1803
1885
1881
1705
1894
1862
1890
1807
1754
1773
1755
1782
1772
1788
1722
1793
1747
1728
1807
1779
1763
1898
1799
1844
1847
1822
1791
1710
1778
1709
1744
1835
1765
1752
1673
1697
1804
1756
1709
1722
1669
1747
1667
1638
1679
1648
1636
1620
1649
1619
1624
1631
1551
1514
1575
1584
1546
1490
1533
1486
1577
1522
1489
1461
1450
1500
1398
1422
1460
1391
1447
1349
1390
1363
1288
1348
1381
1360
1342
1392
1365
1417
1284
1359
1378
1304
1380
1374
1367
1324
1357
1422
1356
1318
1338
1339
1303
1324
1302
1315
1223
1163
1229
1187
1280
1201
1186
1108
1178
1145
1222
1094
1202
1072
1073
1129
1058
1068
1046
1028
1087
1029
1062
1027
1052
1038
961
1063
1045
1006
1056
1083
1026
1037
1045
1038
1069
1007
1054
972
1011
950
934
936
898
879
861
875
889
873
827
789
752
788
818
736
814
726
728
702
743
736
680
661
671
723
643
762
726
718
722
709
669
689
667
673
660
640
686
666
645
690
715
653
670
648
637
636
651
611
618
650
645
616
649
610
614
582
545
568
627
574
596
551
524
556
542
566
528
542
538
517
497
507
506
517
537
491
532
532
498
523
526
522
591
556
545
531
533
560
515
573
552
541
517
495
509
527
500
529
537
498
490
476
457
507
470
487
463
460
433
459
469
430
428
430
417
423
387
367
392
415
363
362
355
331
369
381
357
349
370
375
367
343
354
371
355
324
359
367
338
345
348
328
367
315
311
347
328
338
322
335
325
305
324
306
312
290
318
326
297
344
294
314
330
294
300
287
290
288
284
315
298
289
308
309
294
308
282
280
331
302
298
282
281
265
300
280
265
292
269
286
250
266
282
229
282
245
266
241
237
239
251
271
212
235
237
232
233
222
236
202
212
227
219
233
230
224
216
231
231
206
235
219
221
223
175
218
200
230
227
206
204
226
226
215
202
232
191
205
215
207
215
195
189
209
217
181
215
182
201
187
213
185
189
185
157
170
190
191
200
177
162
176
161
169
165
157
189
162
157
175
171
156
176
170
183
158
169
174
167
186
149
175
153
150
190
189
166
187
185
196
203
186
198
179
189
177
173
203
189
179
210
197
191
203
234
222
189
206
229
218
194
227
213
228
221
217
205
199
212
216
220
241
189
218
223
230
243
233
238
233
203
249
238
255
230
260
276
276
319
323
304
327
353
361
398
404
409
437
406
460
474
504
526
502
572
602
597
648
645
655
724
747
766
761
805
795
796
808
851
858
824
836
840
884
868
840
828
828
749
767
791
796
754
733
684
696
697
629
608
562
529
524
491
472
440
452
403
359
338
336
370
316
295
255
230
244
198
202
177
192
153
124
149
126
132
121
105
116
114
107
109
103
101
83
106
104
100
79
80
90
68
84
81
90
78
86
90
85
74
80
69
87
75
90
62
55
85
84
72
76
69
75
72
81
77
88
78
77
84
64
64
83
69
64
70
86
81
75
83
80
68
70
71
70
63
81
57
86
74
72
79
74
85
58
71
64
72
73
60
68
78
72
65
69
81
62
71
64
61
77
72
63
58
60
52
60
51
64
63
68
50
58
51
61
45
52
66
49
54
62
61
63
56
62
57
63
58
61
62
58
40
59
49
42
56
44
67
56
57
58
56
45
56
53
55
33
63
50
72
42
61
50
54
51
57
52
56
59
59
64
61
72
57
61
58
62
53
60
64
61
65
56
55
62
68
79
73
62
70
70
58
74
69
72
69
80
60
79
93
62
66
64
63
73
60
74
61
84
68
76
68
57
60
57
65
58
73
54
62
64
57
69
67
54
61
81
43
77
64
53
75
67
63
67
57
63
59
61
59
51
56
56
67
57
62
58
68
69
67
62
70
72
58
63
57
54
60
69
56
51
63
56
38
70
46
49
49
63
61
47
57
54
44
52
42
57
32
41
40
49
48
44
43
34
33
51
41
41
52
32
49
46
38
42
25
32
31
33
41
41
34
39
41
35
45
32
35
39
42
48
30
40
47
30
38
45
33
29
33
33
28
39
34
29
34
40
48
23
36
38
31
25
28
41
34
33
44
29
46
24
29
39
37
43
32
38
39
42
27
52
38
24
36
46
30
42
33
44
46
39
40
37
39
41
41
53
47
31
34
43
46
42
37
38
50
48
36
44
46
38
36
35
52
45
49
46
51
44
55
41
46
43
44
36
37
43
42
46
45
46
42
55
48
41
37
39
43
25
44
39
32
36
41
31
38
39
45
25
42
39
34
38
32
45
35
29
38
28
35
39
13
34
38
33
27
30
37
41
26
22
34
27
31
31
32
22
26
28
20
32
44
32
23
24
29
31
33
31
29
26
36
36
37
30
24
21
33
34
24
36
31
36
30
24
26
35
26
42
34
30
24
29
27
22
26
31
39
27
26
43
28
33
24
31
20
28
30
18
28
24
34
27
36
24
25
28
21
20
29
13
31
29
24
28
27
26
24
35
18
34
21
24
13
18
22
24
27
25
21
26
25
15
23
22
23
18
25
20
17
23
27
16
28
19
20
13
22
16
23
15
20
25
19
15
24
21
22
25
19
26
16
25
26
23
16
25
25
18
7
12
20
20
26
14
22
22
14
20
24
18
17
18
20
23
14
20
20
29
23
21
27
13
14
20
20
23
19
25
18
22
23
12
25
17
14
21
23
30
24
33
22
21
21
19
25
31
23
24
22
28
23
16
20
25
21
27
21
31
34
27
26
34
25
25
24
27
37
32
35
24
25
38
37
36
39
35
43
26
40
35
44
31
53
44
48
61
54
51
45
50
54
39
63
59
62
57
52
61
58
57
57
61
71
56
42
54
44
55
49
57
53
58
48
65
80
52
55
50
60
65
46
62
63
47
59
54
60
56
61
54
64
50
60
54
51
45
55
34
63
41
48
47
37
29
40
37
28
26
33
25
31
27
29
30
38
20
26
18
28
23
20
19
24
22
13
19
27
24
20
22
11
13
21
21
12
20
8
14
11
12
20
16
15
11
13
23
12
8
12
13
25
11
13
8
29
20
12
11
14
11
17
14
16
15
5
14
14
14
10
20
15
12
15
14
16
6
8
14
23
12
16
12
17
18
8
16
9
12
19
17
17
15
13
9
16
8
11
14
7
16
12
15
10
14
17
10
13
8
9
12
9
11
7
12
5
11
8
14
15
8
10
11
9
10
9
11
12
7
8
11
13
7
9
14
12
3
18
8
7
18
7
7
6
11
7
17
15
13
9
6
6
7
9
6
10
15
9
4
14
7
4
6
11
11
7
10
13
11
10
8
11
10
7
9
10
10
6
14
18
16
14
12
10
14
6
7
10
17
12
12
10
11
3
10
12
9
8
15
2
12
17
13
9
18
17
10
18
20
20
13
20
10
13
24
16
12
16
14
19
17
11
12
20
18
15
20
12
10
17
12
16
19
21
10
9
14
18
18
18
25
24
18
23
9
16
19
10
11
9
10
13
13
18
15
9
20
13
16
16
13
19
15
15
16
8
13
21
9
8
15
8
10
11
10
9
15
14
11
12
11
12
3
5
7
10
9
6
7
12
3
9
6
7
7
8
11
10
7
14
7
9
5
11
6
6
5
9
9
6
10
10
8
11
7
4
9
6
10
2
7
4
4
6
10
3
5
4
6
6
5
7
5
9
6
9
9
8
4
7
6
4
10
6
5
8
4
14
3
3
10
6
6
8
6
7
2
4
7
4
2
8
4
7
7
5
8
5
9
6
10
3
6
8
6
7
8
4
8
7
1
7
9
6
2
6
5
3
2
4
2
10
7
7
6
5
4
5
5
2
10
2
4
5
3
4
1
4
6
11
4
5
8
4
4
4
2
3
5
3
4
12
2
5
6
4
2
6
2
4
7
4
2
2
2
5
4
6
5
5
7
5
2
2
3
3
4
4
3
2
2
7
3
3
5
2
3
4
6
9
6
4
4
6
4
5
5
5
3
3
5
4
7
3
6
7
5
3
4
3
6
8
3
5
12
4
1
2
2
3
4
7
7
2
6
7
5
6
8
4
5
6
9
5
7
5
5
8
4
9
2
8
3
5
9
7
3
7
3
7
12
9
18
6
9
11
5
5
7
1
7
8
4
9
7
10
8
13
4
10
13
7
6
7
8
8
4
9
10
15
14
7
6
10
2
10
9
9
7
11
7
8
4
8
6
5
9
14
3
12
9
13
12
14
11
9
9
8
12
7
7
6
12
4
10
6
6
12
8
3
13
6
5
9
5
5
8
7
8
8
10
7
7
7
4
6
6
13
8
9
5
4
12
4
7
6
3
4
11
5
5
14
7
7
4
3
9
6
9
6
9
8
4
6
4
4
6
10
8
3
6
6
6
4
6
7
5
4
7
7
3
7
8
11
7
4
4
7
6
4
6
9
2
5
6
5
4
1
7
7
8
6
9
10
3
6
8
5
5
4
7
8
2
3
3
8
5
3
8
4
6
4
4
7
6
1
3
2
4
7
11
11
6
10
11
9
17
9
9
7
8
12
16
9
12
13
16
16
13
<<END>>
<<DPP CONFIGURATION>>
COM Port: USB
Rise: 38.4uS
Top: 1.6uS
Fast Threshold: 26
PUR Enable: PUROn
RTD ON/OFF: RTDOff
RTD Threshold: 6.05% FS
RTD Fast HWHM: 16
AutoBaseline: Off
BLR: BLR:ON DN:64 UP:1 
Acquisition Mode: MCA
MCS Timebase: 10mS/channel
MCA Channels: 2048
Slow Threshold: 2.93% FS
Buffer Select: Buffer A
Gate Input (TTL): GateOff
Preset: 1200.0 sec
Coarse Gain: 21x
Fine Gain: 0.9998
Det Rst Lockout: 3.28mS
Analog Out: Off
Offset: 0mV
Aux: ICR
<<DPP CONFIGURATION END>>
<<DPP STATUS>>
Device Type: DP4
Serial Number: 1989
Firmware: 4.07
FPGA: 4.10
Fast Count: 266666
Slow Count: 453440
Accumulation Time: 1141
Dead Time:       
Board Temp: 25°C
<<DPP STATUS END>>
