<<PMCA SPECTRUM>>
TAG - live_data
DESCRIPTION - 
GAIN - 3
THRESHOLD - 0
LIVE_MODE - 0
PRESET_TIME - 1200
LIVE_TIME - 1200.000000
REAL_TIME - 1200.000000
START_TIME - 07/23/2007 07:16:38
SERIAL_NUMBER - 1989
<<DATA>>
0
0
0
0
0
0
0
0
0
0
0
0
0
0
0
0
0
0
0
0
0
0
0
0
0
0
0
0
0
0
0
0
0
0
0
0
0
0
0
0
0
0
0
0
0
0
0
0
0
0
0
0
0
0
0
0
0
0
0
0
865
1103
1134
1258
1312
1322
1397
1476
1461
1550
1630
1650
1742
1733
1807
1925
1934
1950
1895
1949
1926
1971
1888
1938
1845
1916
1958
2019
1913
1924
1987
1903
1905
1920
1855
1908
1831
1822
1828
1902
1879
1853
1916
1887
1786
1950
1889
1900
1953
1900
1898
1864
1895
1883
1896
1811
1823
1797
1906
1816
1852
1906
1880
1813
1788
1795
1815
1827
1701
1762
1757
1783
1744
1711
1697
1760
1682
1710
1651
1633
1729
1624
1628
1590
1596
1605
1539
1577
1584
1518
1613
1527
1526
1473
1535
1450
1487
1485
1450
1524
1570
1437
1444
1486
1345
1376
1389
1475
1455
1460
1449
1489
1468
1404
1419
1438
1495
1497
1417
1411
1403
1340
1361
1416
1413
1387
1338
1299
1338
1322
1341
1224
1293
1350
1243
1221
1192
1203
1232
1182
1206
1241
1191
1147
1161
1101
1133
1109
1093
1073
1093
1044
1065
1056
1086
1133
1112
1124
1087
1110
1069
1119
1050
1124
1071
1111
1072
1026
995
1038
1016
1020
943
886
893
903
882
880
882
882
868
839
829
805
823
810
785
800
768
747
751
770
797
769
702
734
725
760
700
747
742
699
753
742
701
756
705
715
663
678
697
689
666
669
670
662
659
684
676
700
644
634
645
636
655
581
606
604
609
599
610
564
575
569
589
556
594
568
565
533
560
518
545
581
607
503
561
532
513
572
506
557
562
593
571
517
591
545
538
574
544
563
562
599
529
571
558
569
556
549
548
493
523
503
498
498
504
480
464
448
422
467
446
389
445
409
410
400
390
392
419
391
401
367
367
354
393
378
357
360
381
396
355
344
350
352
360
373
393
377
372
358
353
340
356
363
367
394
318
366
352
354
348
347
296
348
315
344
352
299
324
343
352
327
322
341
340
351
304
313
298
317
302
335
275
314
305
326
308
301
285
259
292
330
302
307
281
276
291
290
303
250
257
283
318
237
256
285
241
268
249
283
268
265
261
257
255
235
236
263
232
245
213
231
206
227
249
222
246
195
232
237
216
225
258
239
207
225
225
238
231
219
192
194
203
202
211
208
185
217
199
212
215
231
219
186
191
209
188
200
206
190
213
179
186
195
203
181
191
202
164
187
188
177
175
188
191
183
155
195
169
190
168
201
162
187
194
172
167
196
182
180
167
182
164
180
174
181
200
212
212
206
201
186
183
188
192
218
222
181
205
222
187
214
199
236
197
207
215
211
241
244
225
201
232
243
224
239
244
207
236
243
229
238
252
268
236
227
270
253
246
256
240
252
281
304
304
255
302
344
355
336
372
357
390
392
420
460
472
454
480
540
555
541
612
652
628
655
670
746
737
773
771
870
794
807
832
823
874
862
885
876
863
891
884
829
921
879
872
810
796
812
814
757
744
741
719
645
635
591
528
568
504
502
465
434
412
399
382
343
329
286
281
274
259
231
201
204
171
179
185
166
159
159
140
113
132
124
122
136
116
106
116
113
79
87
98
103
99
81
99
88
97
92
87
85
94
71
88
93
85
78
78
77
75
95
89
86
85
71
84
71
70
68
79
79
60
87
78
61
90
62
61
79
75
70
63
76
54
70
74
83
70
78
90
81
84
80
67
75
65
65
96
72
65
72
73
68
60
70
61
74
63
63
64
69
52
63
77
69
70
72
64
68
54
71
59
49
47
59
57
65
52
67
57
64
69
62
63
53
68
49
59
69
70
62
59
47
68
62
68
67
59
65
56
72
55
67
72
50
70
62
57
48
62
52
49
51
56
70
43
68
67
57
57
50
69
69
71
63
65
56
58
42
79
62
63
67
60
57
71
63
65
65
69
45
94
71
71
68
64
66
75
73
68
66
63
88
76
74
66
60
64
76
55
53
67
85
81
74
78
77
64
50
63
87
68
84
66
76
69
79
69
63
74
65
72
53
68
58
58
81
67
59
82
70
55
70
66
72
72
58
61
71
64
57
60
54
62
58
75
61
63
53
51
57
43
55
55
63
54
66
55
67
47
45
60
50
68
58
55
44
58
42
39
49
42
50
48
42
42
39
51
49
41
53
34
36
51
51
49
53
54
32
39
43
40
41
35
36
40
38
44
47
43
51
47
32
42
42
43
41
40
32
45
43
32
34
35
31
38
40
37
38
36
33
45
38
25
35
43
44
44
28
31
33
25
27
34
51
31
50
44
32
33
44
35
43
35
41
42
37
30
37
32
44
35
34
42
36
39
42
43
53
40
46
51
51
44
43
50
38
50
42
30
39
58
39
44
49
52
49
66
48
54
48
45
42
42
36
49
38
38
43
43
45
50
42
44
36
41
43
48
45
36
41
57
29
42
46
39
47
44
40
33
37
49
39
45
38
38
28
22
36
37
39
36
32
29
47
36
27
33
36
33
37
25
28
28
34
22
36
25
26
27
38
29
31
25
33
43
25
36
28
33
32
33
24
35
26
25
33
35
25
26
22
27
29
35
31
36
39
18
30
33
30
37
28
31
28
32
12
25
27
23
34
32
35
37
31
25
23
27
25
31
26
35
30
27
25
28
30
27
26
39
37
17
29
17
32
16
21
27
26
23
23
30
27
26
23
19
20
26
27
17
18
25
23
26
25
21
31
24
19
18
24
22
22
22
19
17
16
24
33
17
22
25
24
17
21
26
33
16
14
21
17
18
23
24
12
23
22
16
20
29
22
17
20
20
14
24
23
17
27
18
15
14
22
17
13
16
16
11
18
18
26
25
26
14
30
20
27
18
26
17
24
24
15
16
23
34
22
25
24
33
19
22
25
24
27
22
15
16
22
27
19
27
26
29
22
36
22
29
31
36
29
14
23
39
33
28
33
43
38
37
33
32
26
24
32
46
37
43
47
46
37
38
46
42
46
54
41
45
57
44
38
42
36
41
63
54
65
61
56
61
55
59
68
66
58
50
62
74
68
64
54
57
70
68
43
70
70
64
68
58
57
62
53
73
55
65
62
69
59
58
52
60
48
56
57
55
43
43
45
51
44
58
39
42
33
40
35
34
43
43
29
28
42
43
33
23
32
41
39
34
32
26
24
27
21
34
17
18
25
29
26
15
22
19
27
26
18
23
17
15
16
14
15
20
13
18
16
19
25
17
9
19
14
19
18
13
22
16
17
16
13
27
15
13
6
16
16
14
15
12
22
14
16
9
13
11
10
12
10
17
17
11
14
17
16
21
18
16
12
19
16
9
12
19
11
8
15
11
17
12
13
12
19
15
12
8
16
12
17
14
18
13
14
10
14
15
13
13
11
13
7
10
9
9
9
11
16
10
17
19
15
14
12
8
7
8
10
12
11
15
10
9
10
10
6
10
12
7
10
10
12
7
11
10
10
10
12
13
9
14
4
10
9
9
5
6
9
7
12
4
17
3
12
8
5
10
13
9
7
9
11
9
10
11
9
18
5
16
9
7
8
14
8
7
11
13
17
8
6
10
11
13
11
14
15
13
12
12
11
16
16
23
21
21
14
18
20
16
16
15
13
16
16
18
17
14
17
16
19
10
8
15
10
15
17
16
25
15
18
20
18
13
18
16
10
16
19
20
21
19
18
16
18
10
12
21
20
19
12
18
15
10
16
13
18
9
17
17
12
12
9
13
12
17
12
19
15
11
8
6
4
7
11
10
9
4
4
9
8
9
6
9
8
8
6
3
8
6
13
11
9
9
11
15
10
9
7
6
10
5
3
9
6
6
6
13
2
8
5
15
4
8
11
7
4
18
9
6
7
6
7
5
12
7
3
4
13
7
10
8
8
8
7
9
5
5
8
9
0
6
7
5
4
3
8
6
3
6
12
8
7
3
4
5
4
7
6
2
9
11
4
6
9
3
9
3
7
3
8
11
3
5
6
6
6
6
7
6
3
5
8
4
6
6
6
7
4
6
4
3
4
5
9
3
3
2
6
3
5
5
1
6
10
2
7
5
5
6
4
5
7
5
5
4
5
2
6
2
5
5
4
2
8
5
7
10
5
5
1
3
7
7
8
2
5
5
7
4
9
5
6
9
4
3
3
3
4
6
2
8
3
3
6
5
5
2
5
2
6
0
6
6
5
5
5
5
4
5
5
7
8
5
3
7
5
5
6
2
5
5
5
5
6
3
9
6
3
12
5
4
6
6
6
8
4
10
1
5
6
8
4
8
5
9
6
7
1
14
5
12
11
8
11
6
8
2
8
4
12
6
5
9
7
4
6
7
12
12
11
8
5
6
7
13
10
5
8
10
7
4
10
5
8
4
9
3
5
7
8
6
8
5
9
13
5
7
8
2
11
10
3
6
4
13
11
13
7
16
7
6
5
6
8
6
7
4
9
10
6
7
4
5
12
8
10
7
5
12
7
4
6
8
8
6
8
12
6
10
5
2
6
5
8
5
2
5
9
4
3
10
4
9
12
4
4
5
7
7
6
13
8
4
10
5
5
5
9
6
8
6
7
9
3
8
7
7
5
8
2
6
7
7
11
6
2
6
4
5
3
4
5
5
6
7
6
5
6
5
5
6
6
4
9
6
4
5
3
7
4
3
3
3
3
4
8
5
7
4
5
8
9
7
3
5
7
7
3
6
7
9
10
5
4
4
6
6
14
4
7
10
9
12
9
15
11
13
9
15
18
9
20
17
23
<<END>>
<<DPP CONFIGURATION>>
COM Port: USB
Rise: 38.4uS
Top: 1.6uS
Fast Threshold: 26
PUR Enable: PUROn
RTD ON/OFF: RTDOff
RTD Threshold: 6.05% FS
RTD Fast HWHM: 16
AutoBaseline: Off
BLR: BLR:ON DN:64 UP:1 
Acquisition Mode: MCA
MCS Timebase: 10mS/channel
MCA Channels: 2048
Slow Threshold: 2.93% FS
Buffer Select: Buffer A
Gate Input (TTL): GateOff
Preset: 1200.0 sec
Coarse Gain: 21x
Fine Gain: 0.9998
Det Rst Lockout: 3.28mS
Analog Out: Off
Offset: 0mV
Aux: ICR
<<DPP CONFIGURATION END>>
<<DPP STATUS>>
Device Type: DP4
Serial Number: 1989
Firmware: 4.07
FPGA: 4.10
Fast Count: 280085
Slow Count: 476073
Accumulation Time: 1200
Dead Time:       
Board Temp: 25°C
<<DPP STATUS END>>
