<<PMCA SPECTRUM>>
TAG - live_data
DESCRIPTION - 
GAIN - 3
THRESHOLD - 0
LIVE_MODE - 0
PRESET_TIME - 1200
LIVE_TIME - 1175.844000
REAL_TIME - 1175.844000
START_TIME - 07/18/2007 08:18:23
SERIAL_NUMBER - 1989
<<DATA>>
0
0
0
0
0
0
0
0
0
0
0
0
0
0
0
0
0
0
0
0
0
0
0
0
0
0
0
0
0
0
0
0
0
0
0
0
0
0
0
0
0
0
0
0
0
0
0
0
0
0
0
0
0
0
0
0
0
0
0
0
719
953
981
1086
1123
1103
1159
1266
1269
1345
1357
1424
1510
1561
1649
1646
1717
1743
1695
1762
1676
1732
1757
1731
1676
1711
1758
1701
1685
1748
1659
1697
1646
1682
1684
1710
1739
1699
1719
1650
1671
1677
1540
1635
1653
1607
1647
1668
1635
1664
1657
1601
1635
1680
1633
1613
1621
1622
1629
1698
1565
1623
1598
1622
1564
1574
1510
1646
1614
1515
1628
1498
1478
1485
1437
1393
1493
1432
1374
1349
1463
1352
1379
1427
1399
1356
1367
1375
1275
1383
1299
1376
1331
1263
1251
1258
1214
1258
1257
1190
1147
1172
1195
1174
1132
1183
1136
1151
1102
1178
1055
1038
1058
1095
1007
1136
1051
1049
1089
1087
1078
1001
1066
1044
1061
1004
999
976
967
990
965
938
976
850
948
936
912
896
905
874
880
931
950
866
845
840
851
826
850
812
892
857
929
816
869
870
862
834
850
931
925
846
910
862
848
907
854
867
835
807
787
789
766
735
719
720
703
714
676
705
655
646
604
687
625
633
575
609
603
579
606
546
544
565
589
545
564
515
527
514
516
543
548
524
555
555
522
517
534
498
559
494
541
509
501
524
525
510
511
517
460
485
485
492
464
464
471
427
459
441
412
441
420
469
436
399
415
410
459
439
424
382
408
413
396
416
387
381
421
407
414
436
424
416
418
440
388
416
394
368
433
429
432
410
429
390
396
430
372
400
412
375
376
372
374
403
341
344
309
359
339
333
312
336
295
277
271
303
292
257
260
290
265
269
273
284
241
264
237
222
248
244
219
232
224
193
211
228
232
211
207
217
239
208
220
234
197
223
194
238
203
214
232
233
225
222
220
230
183
218
204
195
218
193
192
195
178
215
167
210
231
225
181
171
197
192
185
184
176
172
188
212
186
171
201
187
189
206
158
205
185
201
182
198
174
163
187
179
157
172
179
180
169
189
168
174
187
159
164
164
162
175
175
156
158
161
172
172
187
170
141
166
179
155
173
173
163
172
147
167
184
158
161
162
162
161
156
169
154
144
173
165
160
161
177
167
167
167
150
155
161
132
149
154
163
153
127
162
138
164
146
137
143
132
129
162
136
143
121
111
139
137
138
132
136
138
128
134
130
147
164
148
134
127
132
153
126
146
136
146
153
136
149
161
163
172
163
156
171
175
179
168
189
172
177
181
180
168
179
188
174
186
177
176
190
203
186
188
207
171
185
181
184
183
201
168
184
158
192
161
183
176
195
144
166
171
176
151
149
147
154
147
133
157
131
133
134
138
155
146
119
141
129
112
111
112
95
99
121
96
93
100
86
118
112
99
112
96
91
88
110
111
93
94
94
85
91
83
89
95
95
91
93
82
79
97
90
106
100
80
87
89
96
84
83
76
88
88
75
85
59
85
73
69
84
78
87
77
71
83
96
84
82
87
72
78
88
80
67
91
71
67
87
74
78
69
72
82
78
73
80
88
80
66
81
85
86
77
84
77
77
80
67
84
76
79
73
75
66
84
64
78
82
83
60
69
71
77
66
69
72
79
83
76
71
65
78
69
95
70
72
67
64
59
77
68
82
89
71
65
68
60
90
80
66
64
61
69
71
70
69
77
80
61
85
62
63
75
79
65
69
84
58
60
70
59
55
59
52
68
69
60
73
76
60
58
49
65
70
56
70
61
66
57
55
73
70
58
41
48
62
56
59
61
58
51
54
53
65
62
61
50
55
62
59
47
64
55
55
59
71
61
64
54
44
56
52
59
57
69
56
55
51
71
68
66
60
70
53
75
62
57
67
61
65
72
67
71
68
69
72
70
68
69
66
62
75
71
60
72
69
59
74
79
59
57
65
62
94
57
79
62
71
88
70
56
70
72
76
57
58
70
61
62
61
69
76
82
68
58
81
73
68
69
55
70
54
67
63
54
53
61
58
59
50
69
67
72
59
58
63
62
70
63
71
56
58
50
56
54
54
66
65
60
51
59
52
45
61
54
49
56
69
51
44
63
56
43
43
49
41
37
48
62
46
48
38
38
43
56
26
35
48
40
41
34
40
41
40
43
32
46
34
47
46
37
45
35
34
42
37
36
31
39
45
35
25
43
32
27
40
36
37
25
51
30
35
35
37
38
34
37
30
33
35
41
29
25
30
36
33
26
45
30
37
26
28
30
24
37
46
39
49
44
39
39
40
50
44
50
41
25
49
47
43
32
37
34
36
39
34
34
47
43
33
37
34
57
42
38
47
40
50
56
41
52
43
58
51
49
28
43
44
39
45
59
42
42
53
36
49
40
37
53
46
46
31
40
31
51
48
44
42
43
40
47
45
44
42
50
34
37
35
33
37
41
42
36
36
37
30
39
45
22
30
25
37
29
36
42
29
31
33
39
29
31
19
24
41
41
35
25
31
37
35
36
39
26
34
29
33
29
35
27
33
32
26
24
35
33
37
37
31
25
28
30
30
33
25
28
37
29
37
33
34
24
34
33
22
31
33
28
26
26
31
29
28
26
25
39
26
32
31
32
23
27
40
34
26
32
26
23
17
24
25
25
22
22
23
23
20
20
29
23
23
24
29
18
28
25
28
23
19
20
15
22
23
34
21
25
23
29
19
17
23
27
26
21
21
22
29
22
24
24
22
17
20
20
21
22
32
19
25
24
21
18
20
31
24
20
21
19
15
20
22
21
20
16
15
22
15
15
27
18
14
19
21
18
14
21
23
21
19
19
21
22
31
14
25
18
25
21
20
21
23
21
24
15
18
23
22
23
19
23
24
23
26
22
18
17
20
27
25
25
28
24
25
31
21
31
30
21
29
29
32
34
32
34
34
24
34
32
48
38
31
37
34
40
45
47
35
31
42
46
42
42
45
44
45
40
50
50
47
50
58
37
56
59
60
50
48
51
64
65
61
63
61
54
58
78
74
59
74
70
60
58
58
66
56
75
74
59
76
70
60
56
64
53
53
45
36
68
58
59
56
56
45
57
51
43
42
63
51
47
39
39
38
47
28
29
41
33
27
34
31
32
34
20
29
41
20
27
20
27
29
9
20
22
20
26
23
22
13
29
31
27
27
19
16
19
24
16
20
9
15
17
14
20
21
12
13
18
12
15
9
17
15
9
16
20
17
14
9
11
9
16
14
8
7
16
15
18
17
21
14
16
16
14
14
7
15
12
16
19
11
15
22
13
12
17
8
13
12
14
17
13
18
11
11
16
16
9
16
4
11
19
8
15
12
13
17
12
12
6
6
12
10
10
21
11
10
14
16
20
12
9
16
12
12
12
8
13
12
14
2
13
13
11
11
9
8
10
14
6
12
8
14
11
7
12
9
12
7
17
5
11
12
10
13
10
6
5
14
16
13
6
8
11
7
13
7
11
9
8
11
8
6
7
12
9
11
12
9
11
12
6
11
9
7
13
13
10
14
11
11
12
21
8
13
8
10
11
14
7
13
11
10
7
18
12
13
12
12
11
13
15
12
10
16
15
12
18
18
13
27
14
15
8
16
26
19
15
21
19
9
17
11
13
16
19
14
10
12
16
19
16
17
17
19
10
11
11
20
18
23
12
10
17
12
14
11
16
15
8
11
12
14
9
15
7
11
10
15
12
13
11
15
20
12
10
13
9
8
13
9
8
7
9
5
10
9
10
9
15
10
9
7
12
4
10
5
10
8
9
5
6
8
7
9
11
11
10
5
10
9
6
5
6
1
8
4
8
8
13
4
2
4
4
10
10
4
6
6
3
7
8
9
11
5
3
5
9
7
8
6
1
4
7
5
5
3
3
7
1
4
6
4
5
1
6
5
12
4
2
3
7
3
4
7
7
8
4
9
10
4
3
7
3
5
6
6
6
10
4
7
4
7
5
2
11
4
5
8
4
8
6
3
1
7
6
3
8
3
4
3
8
4
6
1
2
4
8
9
4
2
4
5
4
7
5
4
2
9
6
1
2
4
9
6
6
3
2
6
8
2
8
4
9
6
5
2
7
2
7
5
4
10
4
3
7
2
10
3
7
3
5
6
8
5
3
1
7
6
3
6
3
8
7
3
6
9
5
7
8
5
5
3
2
5
6
0
1
11
5
6
7
11
8
7
7
4
6
5
3
6
4
5
2
6
4
6
2
6
5
7
4
6
10
7
9
5
4
12
7
3
3
6
9
9
4
5
5
8
11
7
8
4
4
11
3
9
8
9
10
11
6
11
8
8
12
13
5
2
8
7
13
8
5
7
13
6
11
4
9
10
6
11
9
9
8
11
9
9
10
5
6
7
9
5
5
9
11
14
6
8
9
6
5
9
3
7
5
12
10
9
9
11
9
14
3
8
4
9
8
9
7
6
10
7
6
6
9
8
6
4
10
15
7
6
9
12
6
11
5
11
9
6
4
8
4
9
4
11
7
10
8
8
5
9
4
8
4
8
3
8
5
8
10
7
11
6
3
7
7
6
6
7
6
7
5
6
4
6
9
9
8
8
7
6
6
2
4
5
5
5
7
11
7
3
10
7
10
5
12
4
2
9
3
1
7
5
3
7
4
8
6
5
10
2
4
7
6
4
6
8
4
10
4
6
2
7
10
15
7
12
8
11
13
12
11
12
18
11
12
15
14
13
17
<<END>>
<<DPP CONFIGURATION>>
COM Port: USB
Rise: 38.4uS
Top: 1.6uS
Fast Threshold: 26
PUR Enable: PUROn
RTD ON/OFF: RTDOff
RTD Threshold: 6.05% FS
RTD Fast HWHM: 16
AutoBaseline: Off
BLR: BLR:ON DN:64 UP:1 
Acquisition Mode: MCA
MCS Timebase: 10mS/channel
MCA Channels: 2048
Slow Threshold: 2.93% FS
Buffer Select: Buffer A
Gate Input (TTL): GateOff
Preset: 1200.0 sec
Coarse Gain: 21x
Fine Gain: 0.9998
Det Rst Lockout: 3.28mS
Analog Out: Off
Offset: 0mV
Aux: ICR
<<DPP CONFIGURATION END>>
<<DPP STATUS>>
Device Type: DP4
Serial Number: 1989
Firmware: 4.07
FPGA: 4.10
Fast Count: 192386
Slow Count: 361998
Accumulation Time: 1176
Dead Time:       
Board Temp: 25°C
<<DPP STATUS END>>
