<<PMCA SPECTRUM>>
TAG - live_data
DESCRIPTION - 
GAIN - 3
THRESHOLD - 0
LIVE_MODE - 0
PRESET_TIME - 1200
LIVE_TIME - 1200.000000
REAL_TIME - 1200.000000
START_TIME - 07/23/2007 06:16:23
SERIAL_NUMBER - 1989
<<DATA>>
0
0
0
0
0
0
0
0
0
0
0
0
0
0
0
0
0
0
0
0
0
0
0
0
0
0
0
0
0
0
0
0
0
0
0
0
0
0
0
0
0
0
0
0
0
0
0
0
0
0
0
0
0
0
0
0
0
0
0
0
735
1028
1030
1083
1102
1218
1261
1284
1289
1449
1451
1550
1576
1631
1695
1719
1792
1802
1808
1746
1749
1675
1712
1734
1729
1695
1830
1795
1790
1756
1750
1775
1725
1722
1724
1717
1663
1708
1708
1700
1692
1636
1685
1671
1640
1752
1741
1696
1733
1632
1740
1714
1692
1688
1713
1579
1686
1615
1648
1648
1684
1561
1561
1583
1660
1584
1553
1631
1566
1582
1545
1517
1502
1507
1446
1461
1517
1477
1435
1522
1419
1514
1402
1430
1385
1377
1401
1372
1291
1325
1329
1327
1295
1311
1303
1303
1259
1276
1241
1314
1238
1214
1192
1246
1179
1174
1185
1221
1269
1182
1223
1189
1166
1138
1072
1184
1120
1093
1137
1144
1132
1100
1085
1031
1034
1030
1078
1050
1012
1029
1037
991
981
995
1073
1006
978
941
937
942
912
913
895
878
913
931
932
962
920
934
887
877
919
966
899
909
901
949
948
944
935
927
919
932
930
850
929
951
885
850
784
796
789
787
755
762
727
740
679
747
691
665
638
656
610
670
634
630
644
643
592
603
612
581
591
585
586
554
593
542
553
573
533
561
583
568
509
552
527
568
612
573
479
527
524
536
531
514
482
482
529
516
508
501
442
453
446
465
464
464
450
422
455
440
419
479
425
443
449
443
422
427
421
453
414
433
418
429
391
436
385
407
392
446
431
402
445
394
438
438
436
424
408
410
444
418
407
424
406
425
400
428
447
387
420
391
376
364
344
345
310
323
308
327
297
332
282
302
276
281
280
288
273
281
254
256
284
282
260
247
276
250
255
237
273
248
274
249
237
263
254
236
284
275
243
204
227
227
241
231
218
249
240
209
262
226
237
226
216
199
206
214
219
201
224
203
194
208
207
213
229
220
200
205
174
214
192
206
206
185
204
201
178
186
194
226
183
189
233
209
201
207
191
166
194
179
201
181
180
199
201
177
193
180
180
192
176
152
183
181
168
175
184
176
180
161
177
186
179
168
184
181
192
181
159
168
174
184
156
178
168
158
177
160
164
180
173
175
184
183
185
163
198
169
155
160
184
170
174
163
164
151
163
197
154
150
176
182
160
138
149
155
156
136
148
149
130
172
147
143
150
152
165
144
145
153
127
162
147
151
146
192
146
168
160
176
178
169
146
155
168
162
177
193
177
163
156
166
202
176
172
213
183
190
189
231
194
183
211
191
226
214
209
204
191
188
193
181
202
191
183
207
220
205
199
178
225
198
173
194
180
206
158
176
158
178
180
158
152
172
169
148
148
152
155
163
147
118
142
135
121
136
126
128
126
132
124
123
104
119
117
122
123
129
108
106
120
111
102
117
94
120
108
109
120
114
120
112
125
116
109
100
100
109
106
97
99
89
108
104
107
108
97
102
104
101
92
100
99
82
89
83
85
99
87
98
85
97
95
82
89
88
93
87
75
91
79
79
90
86
89
96
83
85
95
97
91
89
102
93
95
87
71
105
110
94
87
73
88
82
76
83
91
86
82
99
95
100
73
83
67
78
93
80
77
68
103
84
77
101
91
95
86
92
75
75
87
80
78
95
87
86
79
84
70
87
82
75
83
96
72
79
93
95
81
80
94
82
79
68
80
63
84
75
88
94
68
86
82
76
87
87
83
66
70
88
71
69
75
69
89
68
75
72
77
68
78
83
82
83
71
83
82
56
72
64
71
83
58
61
76
75
70
70
69
79
60
77
79
65
74
65
61
75
70
63
78
77
75
65
98
68
77
80
61
79
54
64
77
92
78
76
87
83
89
68
62
78
78
88
74
74
69
77
74
81
68
73
89
101
66
85
79
74
90
73
83
89
74
66
80
74
82
81
102
91
87
101
78
71
71
83
68
85
78
69
72
97
88
74
78
71
67
86
77
74
72
61
82
76
78
85
76
76
64
94
75
65
62
62
79
64
70
69
71
63
85
82
68
73
74
64
63
80
60
73
70
56
68
62
69
70
66
68
52
64
59
46
60
72
47
45
56
56
50
65
58
55
56
65
54
53
55
55
54
39
46
49
60
46
53
50
46
60
49
51
56
46
47
57
46
38
49
46
41
50
41
47
45
35
54
45
43
34
50
43
41
40
49
28
54
40
47
46
43
44
52
53
30
48
45
50
46
36
53
38
31
31
47
41
52
57
35
45
47
46
43
42
48
54
51
44
31
52
46
48
34
52
47
40
53
44
48
48
39
49
62
58
43
47
52
49
59
59
60
54
58
58
52
58
67
58
58
59
40
52
52
54
76
56
48
45
65
57
55
54
59
63
60
55
47
56
63
53
71
61
71
67
46
59
52
73
65
69
66
74
72
70
63
68
78
67
65
70
70
70
75
64
76
70
67
65
71
61
75
70
64
61
65
80
54
58
64
69
60
63
52
61
51
46
56
64
51
50
52
52
55
48
56
57
51
45
61
47
46
45
52
40
46
49
27
42
45
50
41
39
32
46
45
35
27
34
45
30
36
28
32
29
28
25
26
42
28
30
45
23
34
31
22
31
27
37
35
33
36
27
28
31
25
21
26
19
22
19
35
26
29
38
32
34
29
31
30
36
36
29
31
29
34
32
30
38
35
27
37
40
38
52
33
54
31
42
38
41
37
40
37
55
53
38
49
36
38
42
53
51
44
48
46
56
70
34
52
42
47
47
40
45
44
54
42
43
57
59
58
40
51
40
49
44
44
57
51
44
47
52
50
41
41
51
41
40
40
42
36
48
36
37
39
37
43
34
37
40
42
49
35
29
27
30
23
36
40
37
25
35
28
23
26
38
28
34
23
36
21
28
17
32
39
25
34
28
32
22
34
26
24
29
42
39
29
44
41
34
44
35
41
50
45
43
47
52
47
56
48
46
49
49
45
65
54
51
55
65
60
58
72
74
58
63
56
66
59
68
57
69
40
67
60
54
54
56
74
68
58
63
67
67
62
56
56
63
52
43
65
70
48
53
58
63
33
42
50
43
60
51
52
37
64
37
51
40
41
33
43
37
37
34
25
22
47
23
30
33
29
31
26
25
29
28
20
24
30
17
17
28
14
26
20
13
13
17
31
20
15
11
20
15
18
21
11
17
14
21
15
14
15
13
14
20
12
10
13
17
11
14
16
22
18
21
11
15
12
17
12
11
13
15
23
12
16
13
19
10
17
14
12
18
14
14
11
15
11
13
23
9
11
10
11
12
14
10
14
14
10
16
8
15
15
14
13
8
16
14
17
10
16
8
11
14
9
14
14
8
10
10
15
12
11
12
9
8
15
9
15
11
11
13
12
13
15
14
8
11
15
8
11
12
10
8
13
14
12
8
6
6
10
11
8
15
7
6
13
12
3
9
9
6
12
9
9
5
11
11
8
11
8
8
12
16
9
7
6
12
14
16
12
11
15
12
10
8
9
13
11
11
6
8
13
6
14
16
12
14
8
10
9
14
15
16
13
11
14
20
10
16
9
12
15
11
17
20
17
19
20
21
14
21
13
14
17
14
18
21
17
15
14
17
17
14
17
20
16
18
23
16
16
21
11
13
15
15
12
19
13
12
14
19
13
12
16
14
14
15
15
14
7
15
26
6
10
9
6
6
12
7
11
11
14
13
7
6
12
8
5
6
9
11
11
12
4
13
9
6
14
8
13
7
10
10
9
12
6
12
9
11
12
7
11
7
7
8
10
8
9
11
8
16
7
7
9
8
4
4
6
13
5
15
7
6
4
8
6
11
8
10
7
10
5
4
1
7
7
9
9
3
10
9
7
4
6
10
5
7
7
6
7
10
9
3
7
10
7
6
9
10
5
8
12
8
4
2
2
5
7
11
4
4
3
3
8
4
6
5
6
7
5
9
2
5
5
4
7
3
8
3
3
3
6
3
12
9
5
7
11
10
11
6
6
7
9
8
5
5
7
7
8
5
3
6
2
4
7
1
6
4
5
2
4
3
3
4
5
4
3
2
5
4
7
6
4
8
5
6
7
4
2
3
5
2
5
3
1
2
4
9
6
5
10
3
7
7
6
4
8
11
3
5
5
3
1
4
4
6
5
4
3
3
5
5
6
7
2
2
7
5
10
3
3
5
8
4
4
4
3
4
3
8
13
6
5
9
3
4
11
7
5
2
5
6
4
8
6
6
8
4
6
5
3
7
7
7
6
8
10
6
9
9
5
10
14
6
8
9
5
7
13
7
12
9
3
4
5
7
5
5
8
11
6
5
7
6
8
5
6
7
12
10
4
5
7
7
6
12
9
5
6
7
8
6
7
9
8
12
11
14
6
7
9
4
11
6
9
4
6
9
3
10
4
4
17
3
10
11
7
7
8
1
3
7
4
4
11
9
8
8
12
6
10
10
4
8
6
5
9
5
8
5
6
5
3
7
8
10
7
14
3
7
10
5
6
5
18
5
11
6
10
7
12
10
4
9
4
10
4
11
6
3
5
4
4
11
5
9
9
11
7
3
6
8
6
10
7
5
11
9
6
3
6
5
3
7
5
9
5
5
5
6
7
8
2
7
5
4
7
10
10
5
0
6
5
0
3
4
7
9
5
6
3
5
5
9
1
2
6
4
9
5
7
3
8
12
13
11
12
11
14
14
10
6
11
15
9
12
13
11
12
19
<<END>>
<<DPP CONFIGURATION>>
COM Port: USB
Rise: 38.4uS
Top: 1.6uS
Fast Threshold: 26
PUR Enable: PUROn
RTD ON/OFF: RTDOff
RTD Threshold: 6.05% FS
RTD Fast HWHM: 16
AutoBaseline: Off
BLR: BLR:ON DN:64 UP:1 
Acquisition Mode: MCA
MCS Timebase: 10mS/channel
MCA Channels: 2048
Slow Threshold: 2.93% FS
Buffer Select: Buffer A
Gate Input (TTL): GateOff
Preset: 1200.0 sec
Coarse Gain: 21x
Fine Gain: 0.9998
Det Rst Lockout: 3.28mS
Analog Out: Off
Offset: 0mV
Aux: ICR
<<DPP CONFIGURATION END>>
<<DPP STATUS>>
Device Type: DP4
Serial Number: 1989
Firmware: 4.07
FPGA: 4.10
Fast Count: 209161
Slow Count: 382960
Accumulation Time: 1200
Dead Time:       
Board Temp: 25°C
<<DPP STATUS END>>
