<<PMCA SPECTRUM>>
TAG - live_data
DESCRIPTION - 
GAIN - 3
THRESHOLD - 0
LIVE_MODE - 0
PRESET_TIME - 1200
LIVE_TIME - 1200.000000
REAL_TIME - 1200.000000
START_TIME - 07/23/2007 06:39:08
SERIAL_NUMBER - 1989
<<DATA>>
0
0
0
0
0
0
0
0
0
0
0
0
0
0
0
0
0
0
0
0
0
0
0
0
0
0
0
0
0
0
0
0
0
0
0
0
0
0
0
0
0
0
0
0
0
0
0
0
0
0
0
0
0
0
0
0
0
0
0
0
965
1283
1297
1328
1409
1458
1518
1503
1587
1617
1803
1800
1927
1976
1909
2027
2039
1994
2137
2148
2150
2110
2119
2141
2101
2117
2111
2077
2052
2151
2130
2068
2096
2129
2212
2100
2118
2072
2050
2134
2101
2121
2102
2085
2158
2119
2098
2024
2098
2087
2025
2169
2086
2102
2069
2132
1985
2040
2096
2104
2088
2094
2042
2072
1990
1974
2003
2046
2024
1959
1919
2008
1992
1934
1987
2001
1955
1921
1829
1964
1922
1888
1912
1938
1843
1869
1795
1806
1753
1829
1698
1752
1795
1847
1687
1715
1668
1708
1701
1705
1695
1745
1680
1703
1651
1670
1728
1692
1737
1705
1791
1685
1678
1701
1669
1801
1686
1727
1668
1607
1705
1642
1730
1745
1675
1647
1618
1637
1698
1708
1650
1606
1646
1543
1556
1533
1502
1553
1535
1494
1520
1463
1560
1480
1384
1433
1436
1484
1348
1429
1433
1269
1414
1401
1449
1346
1342
1391
1388
1403
1329
1365
1398
1443
1286
1333
1351
1291
1297
1267
1216
1284
1166
1244
1165
1199
1126
1119
1141
1092
1126
1127
1087
1048
1080
1039
1022
1011
1000
1044
942
935
958
951
980
966
1002
987
908
932
875
910
931
856
919
889
924
927
911
933
931
895
907
936
883
913
880
853
876
822
871
847
847
859
802
794
822
813
757
792
800
764
806
786
749
806
720
772
769
774
739
756
714
777
751
677
712
748
701
729
752
740
774
703
766
764
798
737
704
711
703
739
747
738
721
668
701
711
700
746
706
717
656
653
671
682
670
637
613
649
649
609
624
610
620
602
588
575
587
574
564
575
530
535
552
569
509
541
546
493
545
508
537
567
520
550
528
521
544
503
529
523
497
471
509
527
515
551
527
523
523
495
537
483
495
486
490
520
490
499
521
534
513
502
512
496
489
497
516
499
493
521
502
471
495
448
490
461
461
453
481
452
479
430
463
476
448
396
425
445
394
404
401
444
430
417
403
366
403
353
376
380
344
397
343
348
328
345
341
333
272
334
331
348
346
309
322
313
294
332
311
329
293
305
290
313
294
318
271
288
281
287
274
303
295
320
285
279
276
277
311
286
283
284
235
261
269
280
280
253
251
257
279
246
240
250
253
237
237
270
222
235
237
219
251
219
229
246
222
237
247
185
214
249
233
219
211
215
263
245
227
235
223
225
202
222
203
200
246
239
227
228
237
225
232
225
214
234
202
227
243
223
243
259
255
243
254
262
261
247
247
240
242
254
280
261
252
231
268
242
262
286
245
277
302
296
301
298
356
317
338
308
379
362
396
402
408
458
499
514
529
581
638
636
673
679
776
865
922
887
941
1059
1096
1075
1242
1270
1324
1417
1439
1561
1566
1553
1692
1742
1750
1872
1978
2019
1970
2055
2046
2003
2130
2098
2065
2085
2098
2061
2014
2009
1957
1895
1959
1765
1788
1753
1624
1605
1538
1441
1343
1338
1342
1166
1188
1114
984
935
917
831
774
698
688
611
569
531
488
447
412
373
367
303
279
255
280
209
199
188
201
172
181
154
153
152
142
150
131
116
121
134
115
110
113
105
123
94
111
119
105
114
94
86
90
92
92
87
81
101
95
102
82
84
93
84
98
67
90
100
103
79
93
103
88
103
80
95
83
88
81
77
79
78
68
73
68
83
79
93
79
88
73
92
72
76
77
72
77
94
79
80
75
73
77
77
88
80
69
79
59
72
59
76
77
59
66
69
51
67
71
71
56
57
64
74
63
67
61
64
73
61
60
54
58
56
70
71
55
66
67
66
66
78
62
48
56
53
62
62
71
55
72
53
61
52
65
60
66
73
73
52
49
53
63
70
67
54
60
55
61
53
63
57
51
65
70
58
61
84
64
59
51
58
57
68
82
87
81
70
73
72
58
64
46
71
67
87
81
66
76
63
73
79
69
73
98
62
69
77
76
74
70
72
72
50
71
70
77
69
81
67
62
65
65
63
62
63
71
48
72
61
63
61
60
77
65
79
51
64
63
55
59
74
79
70
66
51
59
68
43
62
69
59
49
57
60
65
52
68
53
55
56
53
62
59
48
53
47
65
58
51
53
52
42
61
53
54
53
52
45
49
35
48
45
48
38
30
40
47
38
44
36
36
39
41
41
36
36
44
36
35
35
37
41
38
39
44
54
31
32
45
34
36
42
35
31
23
29
39
35
38
47
34
36
36
29
38
40
35
30
37
44
37
34
39
37
40
37
41
28
40
36
31
46
28
40
34
33
45
32
44
37
42
37
45
43
43
37
32
42
35
38
43
48
45
35
57
37
30
41
42
41
52
41
37
51
35
48
49
39
49
38
50
45
50
49
52
48
47
58
43
57
32
39
49
43
38
48
45
53
51
40
39
48
42
45
48
47
48
38
46
38
30
32
50
41
43
37
38
39
44
39
40
31
33
37
31
33
37
35
46
34
38
37
32
46
39
50
25
32
44
35
30
42
40
35
26
22
32
27
37
33
31
26
26
42
30
27
26
25
30
25
34
33
25
36
30
34
35
34
24
34
30
36
34
23
24
28
31
32
35
25
32
30
23
36
22
33
28
29
29
28
32
22
31
20
27
23
30
29
35
31
22
28
26
26
33
30
31
26
28
32
28
15
21
32
34
30
30
29
34
31
21
38
23
23
35
25
19
15
28
20
27
31
24
16
18
26
28
28
21
20
25
12
22
22
27
22
25
22
22
31
25
21
24
33
18
15
16
11
18
20
22
15
17
26
16
20
17
20
26
22
21
20
24
26
22
24
13
22
25
19
9
20
20
23
15
29
26
19
26
22
22
14
12
15
18
19
21
27
22
33
26
19
22
15
30
26
24
26
16
28
30
16
25
26
31
12
21
23
23
24
13
26
25
29
21
28
24
24
33
33
28
34
40
31
26
34
26
33
27
26
33
39
33
36
30
49
34
37
48
34
39
40
53
48
40
43
52
52
47
56
51
37
65
63
46
42
62
50
58
49
61
67
58
59
51
38
63
52
68
56
61
67
51
54
71
55
72
63
64
69
72
65
59
50
60
70
50
57
56
58
51
55
57
48
35
52
41
56
45
52
38
39
37
32
35
41
33
33
31
40
25
40
28
23
28
27
25
23
27
25
23
27
32
22
19
20
25
24
22
24
15
16
19
20
17
21
18
24
12
25
20
24
16
12
15
15
18
16
5
13
22
19
17
14
14
18
16
24
10
15
21
18
16
16
12
11
16
15
14
15
23
15
17
18
12
21
14
13
14
19
19
15
13
21
16
12
14
10
14
20
16
18
12
12
21
18
12
16
16
10
11
15
12
8
11
15
16
9
13
11
14
11
16
20
11
12
13
12
13
9
10
12
8
12
9
18
11
17
10
15
7
8
10
11
8
10
12
11
10
10
13
12
8
13
7
7
9
7
6
11
11
6
9
12
6
9
8
14
10
7
9
10
5
12
9
6
14
11
12
11
9
8
5
7
15
13
10
12
17
13
7
18
6
9
9
12
11
20
10
10
13
11
11
10
11
19
17
9
14
13
19
9
18
11
16
15
10
9
12
16
8
12
12
10
17
20
18
19
22
23
13
13
15
16
25
10
14
10
11
23
14
17
16
12
10
15
14
11
14
13
11
16
14
18
13
14
14
12
10
12
21
9
14
16
12
23
21
13
18
16
17
14
14
14
8
12
14
14
16
9
17
10
17
14
12
15
5
9
12
14
10
6
10
10
7
8
13
11
8
11
12
8
14
7
15
10
7
7
11
9
7
8
5
11
8
7
10
6
10
4
8
6
7
6
11
10
9
6
9
5
8
7
9
5
8
4
3
6
6
12
6
9
10
7
6
8
5
5
4
9
6
9
9
9
6
10
8
5
6
7
5
6
11
6
7
7
5
6
2
8
5
7
6
7
8
7
7
7
8
7
3
7
7
9
5
2
10
10
2
4
7
7
5
13
1
5
4
6
3
6
7
8
7
6
5
5
7
5
4
4
3
1
5
2
8
5
4
3
5
1
3
10
11
9
7
6
8
10
7
6
6
6
2
3
6
7
4
4
6
3
1
1
3
3
7
5
8
5
7
9
6
6
7
6
3
3
3
3
7
4
6
7
4
4
5
7
4
7
6
7
4
7
5
1
3
7
2
5
2
7
5
3
3
1
4
6
3
11
4
6
4
5
9
4
4
5
3
8
4
7
4
8
6
4
10
4
1
6
3
3
12
10
2
9
9
7
7
1
2
5
16
7
3
4
8
5
5
5
3
11
8
8
5
7
8
3
9
3
8
5
6
6
4
9
8
4
8
9
4
7
6
12
7
4
7
9
7
5
9
11
12
7
11
8
11
7
7
6
8
13
2
9
6
7
7
8
6
9
9
8
5
8
9
10
7
2
7
5
2
9
7
2
10
9
8
7
10
8
10
11
10
9
10
4
7
6
14
13
8
9
6
10
9
10
6
5
11
5
6
8
10
5
3
6
9
13
8
6
6
9
7
5
8
5
10
10
16
8
8
6
8
6
4
3
10
6
10
3
13
11
6
7
4
9
6
10
7
7
7
7
6
9
6
4
4
4
6
4
7
8
12
10
5
8
4
4
8
5
4
5
5
4
5
8
5
6
8
3
5
8
6
4
4
7
6
5
5
3
5
4
4
4
7
3
8
6
12
11
5
13
7
9
16
10
8
8
8
10
11
10
13
11
11
11
12
12
17
<<END>>
<<DPP CONFIGURATION>>
COM Port: USB
Rise: 38.4uS
Top: 1.6uS
Fast Threshold: 26
PUR Enable: PUROn
RTD ON/OFF: RTDOff
RTD Threshold: 6.05% FS
RTD Fast HWHM: 16
AutoBaseline: Off
BLR: BLR:ON DN:64 UP:1 
Acquisition Mode: MCA
MCS Timebase: 10mS/channel
MCA Channels: 2048
Slow Threshold: 2.93% FS
Buffer Select: Buffer A
Gate Input (TTL): GateOff
Preset: 1200.0 sec
Coarse Gain: 21x
Fine Gain: 0.9998
Det Rst Lockout: 3.28mS
Analog Out: Off
Offset: 0mV
Aux: ICR
<<DPP CONFIGURATION END>>
<<DPP STATUS>>
Device Type: DP4
Serial Number: 1989
Firmware: 4.07
FPGA: 4.10
Fast Count: 399112
Slow Count: 615996
Accumulation Time: 1200
Dead Time:       
Board Temp: 25°C
<<DPP STATUS END>>
