<<PMCA SPECTRUM>>
TAG - live_data
DESCRIPTION - 
GAIN - 3
THRESHOLD - 0
LIVE_MODE - 0
PRESET_TIME - 1200
LIVE_TIME - 1200.000000
REAL_TIME - 1200.000000
START_TIME - 07/18/2007 07:55:46
SERIAL_NUMBER - 1989
<<DATA>>
0
0
0
0
0
0
0
0
0
0
0
0
0
0
0
0
0
0
0
0
0
0
0
0
0
0
0
0
0
0
0
0
0
0
0
0
0
0
0
0
0
0
0
0
0
0
0
0
0
0
0
0
0
0
0
0
0
0
0
0
713
1027
1126
1173
1227
1249
1247
1317
1360
1426
1508
1571
1617
1714
1751
1775
1792
1867
1773
1832
1856
1807
1878
1883
1820
1795
1816
1894
1864
1798
1827
1803
1830
1870
1761
1785
1726
1839
1776
1749
1758
1783
1767
1693
1750
1877
1766
1732
1739
1757
1782
1792
1716
1737
1709
1666
1677
1746
1676
1756
1672
1740
1715
1686
1684
1751
1705
1636
1661
1670
1660
1650
1595
1558
1533
1561
1519
1563
1593
1613
1539
1524
1555
1500
1505
1485
1433
1504
1442
1449
1391
1432
1430
1391
1450
1458
1380
1425
1392
1387
1387
1301
1279
1313
1305
1316
1337
1336
1369
1303
1292
1297
1273
1255
1268
1265
1299
1278
1249
1213
1207
1164
1204
1140
1093
1192
1148
1165
1141
1135
1092
1133
1075
1091
1089
1108
1030
1013
1101
1100
1027
1067
992
1042
963
968
1071
1037
1028
986
982
1038
980
951
1007
1017
992
984
992
1010
1006
998
940
991
1073
1004
940
1054
959
991
891
929
901
843
874
851
819
844
802
828
736
740
703
725
729
724
659
694
718
676
705
675
695
659
668
697
664
680
611
619
625
649
705
617
601
609
623
624
602
642
598
595
570
647
616
572
609
613
619
575
596
561
573
613
571
526
574
549
525
536
533
524
569
520
522
517
494
464
488
469
476
482
507
511
463
494
485
477
454
469
484
501
461
513
476
488
487
453
486
485
518
494
485
477
482
444
475
460
482
498
454
430
447
427
481
434
385
386
406
401
375
391
352
366
374
375
368
336
342
321
329
306
335
296
316
302
285
297
301
318
296
280
296
306
285
264
282
257
256
285
287
270
292
288
265
236
281
267
276
267
264
275
263
248
232
282
255
242
247
243
221
260
214
272
255
224
236
223
238
233
231
218
232
240
232
235
216
221
232
207
212
228
254
199
222
189
216
217
223
196
201
225
200
207
194
219
212
209
213
240
217
234
240
226
233
259
256
233
243
246
269
266
255
286
305
294
327
366
337
355
351
353
388
397
385
451
455
490
486
518
551
510
534
571
597
608
578
589
606
646
625
619
585
614
612
618
548
554
584
564
535
558
534
483
481
484
440
425
398
412
341
366
372
305
304
304
311
283
236
233
226
215
217
203
209
209
191
195
168
168
189
180
194
168
192
151
168
145
165
152
172
178
151
185
189
187
172
202
182
192
189
182
189
201
189
178
193
195
218
202
194
181
197
229
204
198
188
190
210
210
189
195
195
213
207
199
215
192
195
198
193
192
181
218
195
192
206
173
180
158
200
142
148
176
139
144
163
136
161
158
164
160
149
151
140
139
137
131
122
147
132
130
115
113
114
110
117
117
123
126
126
129
106
122
122
120
111
114
102
120
121
114
110
103
116
107
113
111
110
114
134
113
132
105
110
88
102
119
104
109
89
117
76
102
105
91
94
99
96
87
96
104
98
86
97
86
90
101
92
96
82
108
104
79
87
99
85
88
102
86
95
93
95
89
89
84
87
86
87
97
89
91
79
87
75
81
86
73
88
79
70
101
86
99
83
92
95
76
81
78
110
84
87
76
76
84
99
86
82
85
75
97
64
77
86
73
93
71
96
84
94
84
91
79
89
59
73
71
87
98
92
84
82
85
82
80
72
76
84
71
75
65
78
70
72
87
72
73
63
77
86
79
78
82
53
82
66
63
73
72
73
75
72
64
79
72
69
49
69
65
75
67
80
71
78
82
67
81
72
79
72
61
68
69
60
73
64
78
64
58
79
57
59
77
74
64
78
59
69
76
66
63
79
62
73
67
76
64
72
69
77
67
88
60
77
71
94
81
75
81
72
79
70
87
73
75
69
79
87
100
98
88
86
83
81
92
83
89
80
81
93
73
70
78
93
93
74
79
78
79
65
76
75
74
76
86
87
90
95
90
86
67
83
65
75
110
68
70
80
86
78
79
85
85
70
81
79
83
76
70
77
73
59
72
84
67
64
68
79
67
77
67
70
66
73
63
58
81
68
70
66
59
80
74
70
60
58
72
71
73
61
59
59
61
63
65
55
51
59
62
54
53
50
58
50
50
72
58
52
55
57
42
47
61
61
52
45
56
43
45
46
37
56
55
53
53
40
45
45
51
47
46
43
36
37
42
45
34
50
47
44
48
41
50
48
44
30
50
45
36
39
41
42
57
47
45
35
53
51
55
40
44
46
48
40
42
48
31
48
50
47
44
35
50
41
39
44
37
41
38
43
51
50
52
48
45
58
59
49
43
50
51
43
43
58
49
50
61
65
59
31
66
55
41
49
41
45
65
36
59
44
58
48
43
43
40
50
58
48
35
52
37
37
37
40
52
40
36
36
39
43
49
44
40
44
41
55
27
34
25
36
33
41
37
43
32
41
31
36
38
38
34
29
27
28
34
34
36
28
37
24
28
33
36
30
32
24
34
36
35
29
25
44
28
40
50
30
35
44
36
30
43
51
36
41
39
48
49
38
51
45
46
61
57
59
56
49
55
52
51
68
64
62
70
70
62
63
76
62
71
56
72
94
79
83
79
75
90
84
109
80
99
81
77
105
110
81
112
98
86
80
97
103
84
99
97
103
96
86
92
93
92
84
84
68
86
90
85
88
81
85
76
77
79
78
68
79
66
71
75
75
62
56
61
46
41
47
44
60
47
40
38
36
35
28
48
44
40
40
44
40
38
35
32
26
42
20
36
26
32
32
30
24
24
30
23
23
25
24
23
21
29
20
24
23
31
28
28
19
24
21
26
19
22
23
29
21
29
25
19
21
26
23
19
25
26
32
30
30
22
32
31
35
22
38
25
30
27
33
36
24
26
23
30
32
20
29
28
33
39
19
28
28
44
28
46
46
40
46
40
41
38
46
30
37
46
51
51
43
48
52
49
54
58
54
65
43
58
56
54
74
58
53
54
48
58
60
47
54
53
61
71
74
63
61
61
51
72
67
70
49
53
58
51
73
55
69
60
52
56
59
59
61
48
54
60
43
48
43
52
46
42
39
34
45
43
36
37
50
39
34
35
41
45
33
32
39
35
32
25
40
21
24
34
30
21
25
35
21
36
25
24
25
21
26
17
26
27
15
18
13
25
15
15
21
12
19
13
18
23
12
13
17
10
14
15
11
14
15
18
27
16
17
11
18
17
16
14
15
15
8
12
11
17
16
15
18
18
16
13
14
12
8
15
12
16
12
22
12
15
16
15
18
13
14
19
12
14
19
16
15
15
10
12
14
15
14
12
14
15
8
14
15
15
12
13
16
19
10
12
19
13
10
8
13
15
16
15
9
12
8
7
12
17
11
18
11
14
10
7
14
11
5
13
10
5
11
13
8
8
15
14
9
7
10
10
14
7
9
6
4
11
9
15
10
11
10
11
8
10
7
11
16
12
9
11
7
6
8
11
11
14
13
13
7
7
12
5
8
12
12
6
12
8
15
11
11
9
8
11
12
13
16
9
13
16
12
7
7
18
13
14
10
12
11
12
13
20
20
15
16
18
19
17
11
14
15
20
13
16
18
18
21
24
14
13
17
20
19
18
14
14
13
14
15
10
20
16
19
16
17
12
11
19
13
13
11
12
14
13
15
17
16
14
12
14
14
8
12
9
12
10
13
14
7
20
6
11
12
11
5
5
13
7
9
11
9
11
12
8
18
12
13
12
6
10
6
4
11
7
4
9
14
9
5
7
6
3
7
8
4
11
7
7
6
11
4
8
9
7
7
4
5
9
8
9
10
10
6
4
8
9
6
8
6
5
3
10
6
4
10
7
6
6
10
5
4
9
7
5
3
8
5
4
6
7
9
9
5
9
4
7
2
4
6
6
3
9
13
6
6
12
5
5
3
7
6
4
10
5
5
5
7
8
4
8
11
8
6
3
4
4
9
8
2
6
8
2
2
5
5
2
5
6
5
6
8
7
3
3
6
4
4
5
4
3
5
5
3
4
3
4
5
8
5
7
6
3
6
5
10
3
10
6
4
4
5
5
3
2
4
6
4
7
5
8
1
5
3
7
5
3
7
1
5
7
4
6
4
4
7
9
1
2
5
7
8
7
6
3
6
4
3
4
5
5
3
7
8
5
6
6
5
3
4
5
4
1
1
9
3
9
3
5
5
10
1
2
7
5
5
6
5
7
6
4
5
7
5
6
9
8
4
4
5
8
11
10
8
7
6
7
5
11
5
5
7
9
4
7
4
10
5
7
8
6
4
7
4
5
8
7
10
6
7
13
7
10
8
5
9
8
3
11
9
6
11
9
14
10
14
7
6
11
10
8
8
6
10
6
10
8
10
5
10
10
6
5
5
7
10
9
10
14
12
9
13
7
3
7
8
7
13
13
4
11
5
1
8
7
8
7
7
7
7
9
12
7
9
3
7
6
5
7
12
9
13
6
8
9
12
7
3
13
7
11
17
6
9
9
9
13
7
4
7
7
6
6
6
11
5
5
4
7
9
3
9
6
4
10
9
7
8
10
8
5
2
5
7
7
6
5
4
2
5
8
8
7
6
3
4
5
6
8
3
4
7
6
6
5
3
6
6
5
8
9
5
1
3
5
4
5
3
4
5
10
2
10
7
5
15
8
8
12
6
9
8
5
8
10
15
17
11
14
10
15
9
13
<<END>>
<<DPP CONFIGURATION>>
COM Port: USB
Rise: 38.4uS
Top: 1.6uS
Fast Threshold: 26
PUR Enable: PUROn
RTD ON/OFF: RTDOff
RTD Threshold: 6.05% FS
RTD Fast HWHM: 16
AutoBaseline: Off
BLR: BLR:ON DN:64 UP:1 
Acquisition Mode: MCA
MCS Timebase: 10mS/channel
MCA Channels: 2048
Slow Threshold: 2.93% FS
Buffer Select: Buffer A
Gate Input (TTL): GateOff
Preset: 1200.0 sec
Coarse Gain: 21x
Fine Gain: 0.9998
Det Rst Lockout: 3.28mS
Analog Out: Off
Offset: 0mV
Aux: ICR
<<DPP CONFIGURATION END>>
<<DPP STATUS>>
Device Type: DP4
Serial Number: 1989
Firmware: 4.07
FPGA: 4.10
Fast Count: 244985
Slow Count: 428279
Accumulation Time: 1200
Dead Time:       
Board Temp: 25°C
<<DPP STATUS END>>
