<<PMCA SPECTRUM>>
TAG - live_data
DESCRIPTION - 
GAIN - 3
THRESHOLD - 0
LIVE_MODE - 0
PRESET_TIME - 1200
LIVE_TIME - 1182.792000
REAL_TIME - 1182.792000
START_TIME - 07/25/2007 06:27:38
SERIAL_NUMBER - 1989
<<DATA>>
0
0
0
0
0
0
0
0
0
0
0
0
0
0
0
0
0
0
0
0
0
0
0
0
0
0
0
0
0
0
0
0
0
0
0
0
0
0
0
0
0
0
0
0
0
0
0
0
0
0
0
0
0
0
0
0
0
0
0
0
765
1062
1087
1169
1223
1239
1290
1316
1428
1436
1528
1613
1609
1748
1727
1860
1881
1871
1911
1849
1722
1934
1847
1906
1822
1925
1942
1823
1923
1903
1928
1818
1820
1811
1836
1924
1841
1803
1780
1830
1772
1716
1794
1836
1741
1746
1789
1787
1794
1826
1802
1810
1746
1765
1796
1774
1730
1770
1755
1775
1733
1845
1747
1683
1718
1721
1607
1760
1756
1741
1722
1668
1621
1627
1573
1586
1508
1490
1585
1609
1564
1508
1495
1516
1544
1492
1523
1448
1511
1432
1441
1499
1425
1470
1419
1418
1411
1360
1385
1344
1365
1318
1332
1374
1350
1386
1370
1362
1312
1290
1369
1275
1345
1312
1308
1318
1347
1305
1291
1298
1233
1267
1293
1272
1281
1256
1308
1252
1225
1206
1268
1244
1224
1114
1113
1143
1118
1084
1113
1100
1061
1092
1019
1051
993
1060
1042
1030
1017
1045
984
1011
1014
1034
1037
1001
1000
1058
984
944
996
1023
987
991
1014
1019
893
917
947
988
991
918
917
932
936
867
850
829
801
810
763
781
741
769
724
719
671
744
675
766
644
695
663
638
695
666
693
646
645
658
659
649
636
650
643
638
651
623
677
604
625
622
648
652
631
646
612
590
592
600
615
549
614
537
574
557
581
540
526
517
537
491
536
536
526
504
489
504
524
501
538
443
468
515
443
471
529
503
522
518
473
530
437
530
490
450
453
496
488
497
520
526
499
504
498
536
527
483
494
490
492
465
481
456
474
448
448
440
434
459
401
409
432
365
429
402
394
394
379
348
402
366
337
337
328
334
330
335
355
328
325
333
324
311
329
310
337
345
316
325
296
311
360
326
313
321
319
290
297
276
294
331
306
289
286
283
297
297
276
313
295
303
291
306
306
298
279
276
321
296
274
306
287
290
266
277
275
303
271
250
299
277
268
285
299
261
271
240
239
243
260
266
250
245
287
240
267
240
219
253
266
252
248
256
256
221
233
243
263
231
239
245
218
229
211
230
231
245
235
245
228
235
228
253
205
214
234
237
208
206
219
216
246
228
227
217
204
216
207
220
213
250
228
234
222
237
218
226
229
221
236
221
206
203
240
167
204
225
209
218
200
187
188
203
187
192
189
193
180
169
181
190
172
185
177
183
179
183
166
172
182
176
195
196
166
168
181
179
188
181
204
200
179
174
192
193
219
186
182
214
218
223
195
218
221
225
223
174
208
193
235
230
229
224
198
229
240
233
205
234
233
238
237
252
227
259
207
220
224
233
221
232
222
243
227
244
234
273
214
275
238
242
255
254
252
271
260
273
249
273
284
305
324
291
314
297
313
312
328
366
396
415
402
419
432
407
421
463
428
481
480
475
470
507
442
474
428
488
463
464
460
475
482
428
436
406
415
412
417
366
361
349
307
343
325
291
333
290
277
284
248
249
221
217
217
180
172
171
140
156
122
143
151
135
109
100
115
117
106
130
109
105
117
107
116
93
97
87
96
110
88
78
89
70
82
94
91
67
95
86
100
89
90
95
83
78
80
76
73
79
66
84
78
67
73
72
59
75
84
75
67
77
76
80
80
84
62
84
73
84
75
83
59
84
91
72
78
94
80
73
71
76
75
81
86
73
75
81
86
71
73
72
95
56
62
78
77
75
67
77
60
66
76
70
63
61
73
58
76
73
66
67
55
62
73
54
59
58
70
64
75
64
62
59
67
87
59
61
63
65
53
60
67
53
52
55
66
61
53
53
75
50
80
65
64
74
66
70
51
55
58
57
64
56
70
65
60
59
54
59
48
59
51
59
71
57
61
78
60
66
55
63
71
67
72
67
70
67
79
61
70
87
69
75
76
79
64
71
82
70
63
81
81
50
68
73
79
90
73
62
77
68
65
68
73
83
76
70
71
64
81
83
72
72
71
63
69
70
77
70
72
68
60
68
65
65
79
69
55
72
74
68
77
60
89
44
55
62
61
67
68
64
66
62
70
66
66
83
64
49
49
51
73
61
56
66
49
56
60
62
52
59
51
57
51
50
58
52
46
57
73
43
42
46
49
38
36
48
50
33
42
53
33
45
55
45
43
53
54
46
37
41
49
39
39
31
41
41
35
39
46
47
50
33
39
49
39
36
42
42
46
33
47
41
39
37
34
37
24
47
47
43
37
35
39
35
33
40
34
26
28
40
38
36
39
26
35
33
35
55
30
36
34
41
38
43
47
34
41
49
54
42
40
40
41
44
53
48
33
44
37
46
38
46
46
46
55
51
48
45
43
48
34
44
40
48
47
55
59
42
57
51
55
46
43
43
68
58
54
46
43
48
30
51
44
33
42
46
41
37
42
42
44
46
53
43
34
43
46
50
43
32
37
44
39
47
43
38
41
25
37
41
39
37
48
44
25
40
34
40
39
31
33
40
18
29
40
42
41
27
34
41
42
32
32
36
34
39
38
29
40
44
24
35
32
43
39
25
28
33
40
29
34
37
31
25
24
25
33
38
32
38
33
29
29
31
38
22
35
39
35
34
27
31
33
29
34
26
29
27
34
28
40
32
32
31
20
33
37
32
37
36
35
31
40
31
38
23
32
28
41
44
40
31
36
26
30
30
26
37
34
31
26
26
26
34
25
31
37
19
28
28
32
23
27
20
24
38
34
22
18
29
36
25
22
35
26
29
26
23
27
18
17
21
27
24
19
18
22
15
29
36
24
27
20
19
22
26
23
18
17
27
25
18
22
22
21
19
21
27
26
20
30
20
28
20
23
15
27
18
20
16
23
33
22
21
19
27
28
26
26
26
15
28
23
22
18
17
23
29
23
34
25
20
16
19
29
25
24
24
35
26
19
17
22
25
27
22
38
30
32
26
35
30
35
36
43
30
35
35
33
38
32
50
33
35
55
31
42
38
40
44
61
46
48
50
55
52
57
50
58
57
50
55
70
65
58
52
69
63
78
56
69
73
62
61
54
65
71
70
42
64
68
71
58
54
81
59
59
68
59
66
63
40
59
53
73
55
40
54
42
46
58
35
55
50
51
47
36
39
39
41
40
32
38
43
33
38
40
34
26
25
31
31
30
35
31
20
22
22
21
25
28
21
21
24
16
18
18
26
22
23
20
15
16
17
21
16
22
22
13
8
17
11
17
20
22
25
16
19
15
14
20
11
14
15
15
14
13
10
21
13
9
13
12
13
11
9
17
14
10
22
12
18
11
18
12
13
9
18
15
8
9
13
8
15
12
13
19
16
16
26
6
20
17
11
12
7
19
18
13
12
18
11
9
16
15
13
15
14
12
18
16
15
14
13
14
13
8
8
13
8
13
10
10
11
11
10
11
12
19
19
9
13
11
10
12
8
17
5
19
9
10
8
15
12
8
12
12
10
11
6
10
10
17
9
11
7
11
13
8
11
6
10
5
8
9
13
9
5
7
9
8
11
7
10
15
9
6
6
13
8
7
12
11
17
10
12
13
16
12
11
10
14
11
19
17
16
11
9
10
11
13
11
16
19
5
12
12
12
24
12
13
21
14
16
16
18
16
12
18
16
19
8
16
13
14
18
11
19
17
16
27
17
20
12
14
17
16
22
18
12
14
17
17
16
17
9
15
10
26
9
15
15
11
20
14
10
21
13
16
13
12
15
6
8
8
6
14
17
13
11
10
10
11
13
15
21
18
10
9
13
12
7
7
18
5
9
12
5
10
14
8
11
13
6
12
13
10
6
7
10
12
14
9
11
9
14
9
7
8
5
7
9
5
6
12
6
12
6
8
9
5
11
13
9
3
9
10
8
6
10
6
6
6
3
5
4
9
6
2
8
3
5
9
4
8
6
6
8
9
3
5
6
8
3
5
9
6
2
9
12
5
4
8
5
4
10
3
6
4
9
2
5
2
7
5
3
7
4
3
9
8
5
5
6
3
3
6
5
2
5
7
7
3
8
4
2
4
5
7
3
6
5
10
7
7
4
7
3
5
6
5
3
8
6
5
6
3
5
8
6
8
3
1
2
2
8
3
3
3
4
5
7
5
4
3
5
4
4
6
6
5
5
5
7
8
8
6
7
6
4
5
2
6
7
3
4
5
6
4
5
3
6
6
3
5
0
9
6
1
6
9
6
1
10
4
6
4
3
3
3
6
3
8
4
7
6
8
6
6
9
6
4
4
8
7
6
1
3
5
6
6
1
12
4
8
8
5
6
4
3
5
8
5
7
5
8
4
4
5
8
14
7
7
3
8
9
8
11
10
6
9
8
7
14
8
12
6
9
2
11
4
8
8
10
5
11
7
6
14
6
9
4
5
12
7
10
6
7
6
8
6
10
11
9
10
6
11
6
8
9
11
9
7
10
4
9
7
11
7
8
9
6
9
8
7
6
5
5
7
8
4
11
13
8
10
5
8
3
9
10
7
6
8
7
6
7
5
4
6
5
12
8
9
6
4
5
12
5
7
8
10
9
12
16
5
5
8
7
5
7
7
7
7
7
8
7
5
4
6
8
12
6
4
4
10
11
6
1
6
8
4
8
7
9
6
5
4
5
8
4
6
8
8
8
1
9
9
9
6
7
2
7
5
9
2
4
6
6
4
2
7
7
5
5
8
5
9
9
13
11
12
8
10
12
9
10
11
17
10
10
13
15
15
15
9
12
<<END>>
<<DPP CONFIGURATION>>
COM Port: USB
Rise: 38.4uS
Top: 1.6uS
Fast Threshold: 26
PUR Enable: PUROn
RTD ON/OFF: RTDOff
RTD Threshold: 6.05% FS
RTD Fast HWHM: 16
AutoBaseline: Off
BLR: BLR:ON DN:64 UP:1 
Acquisition Mode: MCA
MCS Timebase: 10mS/channel
MCA Channels: 2048
Slow Threshold: 2.93% FS
Buffer Select: Buffer A
Gate Input (TTL): GateOff
Preset: 1200.0 sec
Coarse Gain: 21x
Fine Gain: 0.9998
Det Rst Lockout: 3.28mS
Analog Out: Off
Offset: 0mV
Aux: ICR
<<DPP CONFIGURATION END>>
<<DPP STATUS>>
Device Type: DP4
Serial Number: 1989
Firmware: 4.07
FPGA: 4.10
Fast Count: 248050
Slow Count: 436004
Accumulation Time: 1183
Dead Time:       
Board Temp: 25°C
<<DPP STATUS END>>
