<<PMCA SPECTRUM>>
TAG - live_data
DESCRIPTION - 
GAIN - 3
THRESHOLD - 0
LIVE_MODE - 0
PRESET_TIME - 1200
LIVE_TIME - 1174.094000
REAL_TIME - 1174.094000
START_TIME - 07/25/2007 06:06:25
SERIAL_NUMBER - 1989
<<DATA>>
0
0
0
0
0
0
0
0
0
0
0
0
0
0
0
0
0
0
0
0
0
0
0
0
0
0
0
0
0
0
0
0
0
0
0
0
0
0
0
0
0
0
0
0
0
0
0
0
0
0
0
0
0
0
0
0
0
0
0
0
787
1140
1106
1152
1243
1259
1307
1355
1343
1484
1476
1522
1721
1761
1761
1794
1834
1928
1926
1946
1875
1848
1852
1785
1818
1875
1900
1918
1942
1843
1871
1864
1887
1808
1816
1766
1844
1807
1799
1777
1780
1846
1820
1789
1778
1773
1850
1728
1757
1821
1844
1804
1765
1760
1767
1768
1863
1768
1787
1742
1734
1680
1757
1849
1712
1730
1731
1772
1619
1713
1701
1669
1668
1572
1660
1648
1622
1630
1617
1610
1612
1579
1615
1565
1543
1530
1572
1450
1455
1510
1451
1441
1456
1486
1475
1426
1437
1367
1434
1381
1305
1366
1398
1387
1335
1373
1374
1272
1348
1305
1377
1321
1400
1398
1332
1303
1359
1279
1349
1306
1338
1283
1254
1294
1308
1265
1311
1241
1269
1288
1206
1257
1153
1146
1163
1132
1102
1114
1133
1122
1068
1093
1055
1087
1084
1031
1043
1073
996
968
955
1036
1043
998
1046
992
1017
1040
1032
1083
1053
1038
1029
962
1010
995
996
1006
1001
998
943
908
913
940
887
940
809
807
838
813
770
774
789
742
728
750
750
657
749
771
706
663
728
701
712
683
663
675
678
709
695
692
686
703
652
664
590
617
679
653
642
628
648
643
650
677
624
661
613
599
619
618
574
624
577
589
597
550
550
606
549
535
551
565
529
500
514
555
546
512
520
532
491
569
494
512
472
520
494
544
533
509
506
533
514
537
548
536
558
548
520
506
500
557
507
526
517
506
539
553
572
499
485
499
461
489
473
434
454
462
465
432
464
402
408
422
409
398
366
379
379
379
364
346
356
361
367
356
384
345
350
351
340
337
343
335
335
327
338
354
368
344
343
312
329
315
384
316
314
342
372
318
326
321
315
297
310
277
313
312
309
303
284
277
285
327
282
319
308
332
316
321
317
303
281
280
304
301
276
283
301
278
287
282
284
297
282
296
294
266
273
254
287
262
265
277
289
274
282
267
273
258
250
266
251
243
272
232
236
236
240
237
256
237
244
223
248
248
200
234
245
229
229
224
255
215
247
224
225
242
266
248
200
233
184
225
231
218
241
247
239
255
218
225
211
224
212
244
229
241
206
225
192
182
229
191
225
214
184
227
222
200
184
185
206
182
177
176
189
211
185
183
175
182
187
210
198
180
199
183
156
178
173
166
201
188
188
198
164
174
171
188
188
208
204
193
219
194
234
196
199
203
205
219
224
229
223
200
211
223
196
189
209
228
220
214
230
251
246
254
222
229
219
223
240
256
238
213
223
245
231
214
231
204
222
236
243
275
233
233
269
290
261
280
322
265
303
317
314
320
325
340
336
373
404
390
413
407
429
438
472
452
524
527
525
531
550
558
553
603
597
635
626
632
623
673
608
632
635
647
599
624
626
597
573
571
574
579
515
523
477
443
468
456
458
434
397
366
381
322
339
296
297
280
259
237
259
222
241
206
188
161
179
160
144
141
149
139
114
119
120
104
96
130
112
98
95
88
102
92
99
101
104
83
69
77
91
89
112
95
90
92
76
96
90
86
90
78
70
76
76
72
77
85
85
79
69
88
81
107
83
71
75
85
93
70
85
65
78
63
87
82
79
86
74
75
74
67
72
89
84
70
70
76
77
84
73
81
64
81
80
56
77
61
71
73
76
71
62
70
75
79
66
78
72
64
69
75
57
54
62
75
44
69
78
78
61
58
78
56
65
64
60
70
69
71
64
58
49
75
52
58
59
64
76
60
67
71
58
62
69
59
55
65
57
59
54
66
65
68
72
75
57
52
62
59
67
60
64
63
60
67
49
60
52
58
66
79
60
78
71
69
67
77
55
65
60
67
66
65
62
71
71
58
76
66
66
80
72
69
65
66
64
75
75
88
57
94
80
79
84
72
77
74
81
71
71
70
67
76
54
73
73
72
66
77
77
72
65
67
54
61
65
63
57
76
52
65
69
47
76
58
72
63
65
62
60
59
74
59
57
64
57
59
39
51
74
63
67
60
60
62
61
53
62
66
58
67
63
55
62
61
45
45
55
50
45
56
50
49
57
65
42
42
48
52
60
41
32
46
52
35
48
52
41
42
47
47
44
40
36
39
35
49
53
40
39
38
27
41
41
35
36
48
33
39
42
35
50
33
45
36
43
41
39
37
42
36
35
38
42
28
42
39
42
39
40
39
41
21
47
41
46
35
40
32
43
35
33
39
40
40
36
43
43
37
32
61
43
48
30
41
33
42
32
43
40
44
45
35
49
44
37
51
44
40
45
52
46
53
47
47
46
35
40
39
46
46
41
38
45
47
42
39
44
47
51
41
44
48
58
37
54
57
38
42
39
45
45
38
51
38
40
42
39
37
45
50
41
41
33
43
39
32
38
34
39
40
46
37
38
37
41
38
38
49
31
32
42
39
30
39
49
41
46
44
27
32
26
36
31
37
23
28
33
28
27
41
32
31
29
31
44
28
34
20
29
36
41
33
45
40
31
41
31
33
35
31
31
30
31
33
27
34
35
33
41
36
34
29
36
43
26
28
37
33
36
38
34
35
26
25
31
36
37
41
30
35
28
28
35
33
26
25
40
36
37
38
43
30
41
33
30
33
36
38
23
27
34
26
33
33
36
25
30
27
48
38
30
25
25
37
26
24
28
14
28
30
25
30
18
33
24
32
35
19
33
22
20
20
20
25
27
23
21
23
24
33
15
22
22
28
16
23
22
23
21
30
24
20
29
26
20
28
20
29
32
17
25
28
19
19
23
24
16
17
16
21
30
16
11
23
31
23
25
37
19
29
26
17
25
27
35
27
30
27
30
29
23
17
22
22
38
26
17
32
24
29
21
38
20
29
20
29
33
31
22
22
28
36
25
31
33
32
38
41
36
33
35
29
36
41
34
42
44
34
42
44
40
37
41
35
32
42
51
49
62
38
62
38
53
52
57
54
44
50
49
51
70
45
50
51
48
56
52
52
65
64
65
63
51
43
71
54
65
53
65
50
60
59
69
51
66
57
50
54
61
67
51
51
50
37
43
63
50
48
59
48
42
38
29
38
34
44
40
36
26
38
35
37
31
33
30
27
26
32
24
24
30
20
24
18
20
16
20
19
19
20
18
22
20
13
16
21
21
18
16
18
17
15
17
14
18
17
20
16
19
12
9
17
19
17
12
18
11
6
18
13
19
10
23
8
17
15
23
15
13
17
11
12
20
14
13
12
6
13
14
13
14
17
7
11
7
17
15
15
20
10
10
11
9
9
15
16
16
15
13
8
7
14
18
19
12
15
10
14
13
11
11
7
15
7
8
7
13
8
9
17
11
13
17
21
7
11
10
12
11
9
13
10
8
8
10
8
7
12
8
7
11
10
4
22
9
15
7
10
7
10
10
7
11
4
9
13
10
11
13
11
7
10
7
6
7
10
8
7
9
12
4
12
11
7
11
3
12
10
8
11
8
8
9
8
7
12
8
12
9
10
7
9
17
15
8
5
14
10
14
18
13
10
12
13
15
22
11
12
12
13
10
16
17
16
23
15
16
23
9
11
13
15
18
15
17
11
13
24
18
16
18
14
10
15
20
16
13
17
9
13
14
16
14
18
22
13
9
15
17
12
13
10
8
19
10
13
9
13
15
12
12
11
15
16
15
18
12
10
9
7
21
11
12
14
17
11
16
12
13
7
17
17
14
11
6
6
13
7
12
12
10
10
9
11
10
8
8
3
13
10
4
6
11
7
4
9
11
5
11
11
8
7
4
12
8
12
10
11
12
6
5
8
4
7
1
7
11
6
5
9
6
7
6
5
6
3
5
2
2
6
5
4
9
4
6
7
5
2
11
2
4
9
7
13
10
6
3
4
8
3
6
4
4
8
5
4
4
12
4
7
3
1
7
8
6
7
4
4
4
5
7
1
4
3
5
6
10
3
5
8
7
7
6
5
3
6
2
9
9
5
5
4
6
8
5
6
3
5
6
4
7
5
5
7
8
5
4
2
5
7
2
2
4
3
4
3
3
2
3
5
4
3
2
3
5
7
11
4
4
5
5
3
4
4
1
1
2
6
8
2
2
2
7
4
4
4
5
4
4
5
6
2
6
6
1
1
6
5
4
4
6
5
3
4
5
4
3
3
10
3
1
0
6
3
2
7
5
5
4
4
4
5
3
1
5
3
7
4
8
3
9
2
4
4
9
7
11
3
3
8
3
5
8
7
8
3
4
3
5
2
2
4
4
8
11
3
6
8
10
6
12
7
7
7
4
7
4
8
6
8
8
8
8
11
6
13
9
10
9
11
8
10
10
5
6
11
15
6
9
5
6
4
9
11
10
9
10
10
8
6
9
11
7
6
7
5
9
5
8
4
5
5
8
5
7
7
11
8
3
8
7
2
8
5
6
5
7
11
9
7
7
8
10
11
5
6
9
6
7
9
7
8
3
7
4
7
9
1
6
10
10
9
7
8
9
7
9
6
8
13
8
5
10
10
7
6
6
8
6
7
9
5
6
6
5
2
7
6
8
13
9
9
9
7
8
6
6
6
7
7
5
9
7
3
6
9
4
5
3
4
2
7
9
3
1
4
5
5
6
6
4
5
8
10
6
5
8
3
8
9
8
12
7
12
6
7
11
8
11
12
19
11
11
12
7
16
11
16
19
19
<<END>>
<<DPP CONFIGURATION>>
COM Port: USB
Rise: 38.4uS
Top: 1.6uS
Fast Threshold: 26
PUR Enable: PUROn
RTD ON/OFF: RTDOff
RTD Threshold: 6.05% FS
RTD Fast HWHM: 16
AutoBaseline: Off
BLR: BLR:ON DN:64 UP:1 
Acquisition Mode: MCA
MCS Timebase: 10mS/channel
MCA Channels: 2048
Slow Threshold: 2.93% FS
Buffer Select: Buffer A
Gate Input (TTL): GateOff
Preset: 1200.0 sec
Coarse Gain: 21x
Fine Gain: 0.9998
Det Rst Lockout: 3.28mS
Analog Out: Off
Offset: 0mV
Aux: ICR
<<DPP CONFIGURATION END>>
<<DPP STATUS>>
Device Type: DP4
Serial Number: 1989
Firmware: 4.07
FPGA: 4.10
Fast Count: 259854
Slow Count: 449250
Accumulation Time: 1174
Dead Time:       
Board Temp: 24°C
<<DPP STATUS END>>
